0.30840839122951247
0.23481239488010708
0.4164423273319202
0.46033944813774186
0.17543337888739693
0.12559870929112044
0.48924865183098176
0.47835709659257064
0.14022375222655184
0.35639975075109565
0.44878404011464845
0.48722628355497255
0.20502078673919502
0.13167931542291816
0.11268283750661401
0.294526687201818
0.2415675841665054
0.44122139196006505
0.20717333378367775
0.49761342014679355
0.31012845698957353
0.12117931721517944
0.13041483558814357
0.4940975288255316
0.14766492513952817
0.41465010664221025
0.22610187612483715
0.2501487163113315
0.3562534963471804
0.21156105532314232
0.2491320001180074
0.32879337766841443
0.2571249447631462
0.28518017389337946
0.3047459268037699
0.15502510755887966
0.39115884675959145
0.45890550590180623
0.4756756404725332
0.3729430352483668
0.46488681598279846
0.3119410883715078
0.30030159724391503
0.3259340029893532
0.112403247174823
0.3198152023095324
0.43610974128275404
0.46478024393690065
0.36813662532627456
0.35104690959515916
0.2856295230171908
0.13650062743325111
0.45141918534887215
0.35155869869787715
0.4727712043292278
0.1537164698889927
0.4132289620224028
0.3043845828844315
0.36371087332537966
0.11381419566439291
0.24356232876633876
0.2825341567611481
0.15271755741664783
0.3475253772696701
0.12337586781582832
0.26533987856163743
0.44231163401267803
0.4755155696327763
0.3237184273646719
0.12575558776171097
0.17735302708808415
0.18564871603061991
0.25137675840586776
0.16443833285024118
0.26705720135027056
0.232940693902176
0.13285909750518998
0.48356860539405966
0.2509494182041872
0.1515270508231117
0.39987082033188137
0.398294759067335
0.32967960781555383
0.3315782991042434
0.40912575617620595
0.3484015163132761
0.43240913331294495
0.15635389179313744
0.45783874300482064
0.3948980724595509
0.33094994514750553
0.17569934318331254
0.39770361257975595
0.24224072488720655
0.43457074248394234
0.4150653727768049
0.3956666648315038
0.37966257644794
0.4351821049957333
0.40412722172821225
0.42030487184332765
0.307159074558091
0.33911948430347133
0.29369446388362724
0.16721621430193967
0.23191406510800439
0.36952552327999
0.19685485950352263
0.13358975291882522
0.20422050312787104
0.3201386023568954
0.3519533287982768
0.16018204566739916
0.3415815068897118
0.1998419588424734
0.4917145397745514
0.3999614131526814
0.18805484791894728
0.326823914176831
0.16778856318813512
0.3619852973842661
0.4255098976931443
0.3079152650900522
0.42532297927188967
0.3957728088710717
0.35174388896309794
0.16128736244358138
0.3374435865813688
0.40347616320804625
0.3126960770286191
0.3738988344817996
0.25333915396375406
0.4115270978276916
0.3651131994993576
0.38905493445468375
0.18501216585194774
0.3511782611783869
0.32054885043715015
0.30830705419030197
0.4112816372905268
0.1700946717863107
0.30052753981986313
0.49254923535635853
0.4220944840081987
0.2793659604230657
0.16180263150193555
0.21163586963775705
0.26765892418058146
0.2820969231593902
0.2975423975659508
0.48301349494074364
0.46410400563726706
0.12597924549347597
0.3179234412497028
0.17206632255438536
0.4469988291181155
0.24198177149373112
0.44825560727013025
0.4316768054004164
0.26252139890447534
0.4622982744941052
0.21317230050813474
0.10004272683592377
0.3826639865402979
0.3793041887391687
0.3059802543715634
0.16422143928142513
0.3570485697625
0.4604325128786073
0.49833285468217037
0.15079560793559682
0.2816225395882148
0.23597487628690877
0.4566512248682354
0.12855690963868063
0.28713072900033143
0.40693299893913737
0.3332050049378993
0.42842144879060917
0.31931140127337276
0.4890508207920725
0.2231561147310595
0.23431859460428983
0.33861716115666335
0.15316245947884957
0.4150867353016182
0.10016438911190143
0.2658879686665575
0.289162223842656
0.11239322687864682
0.44127824181513775
0.37351243888419394
0.18421722857016723
0.4429431036057436
0.43485783769317043
0.4700327792500333
0.34499060454776165
0.3924857507456704
0.13366788986956185
0.20266278924936618
0.1276288004807462
0.37516667737689824
0.3493217257045405
0.32155394938109644
0.16725208864472996
0.2998144607782298
0.39067588077720095
0.3649067315082207
0.3897744462929881
0.254292466768523
0.47159629690430405
0.24797969999165323
0.21180352752032294
0.42910210953005223
0.4636613055396196
0.40637294055047923
0.17099817070721982
0.22308828576317463
0.11330303327588678
0.37778113027744775
0.4384904442188644
0.47250370220874305
0.1484431930495405
0.40992845028929703
0.16310140716464555
0.3535426248994371
0.43114431150593
0.10791440057480184
0.2738360244590228
0.350182380134053
0.14398320960990862
0.49139018303185067
0.40344920660332906
0.38125579626318995
0.22394199242686397
0.48849805292266524
0.2155271859248838
0.4588326961123713
0.35102526110706034
0.10090999966787524
0.3979880993576751
0.10591753051100722
0.40480393975555296
0.46803581119360527
0.44127568049651056
0.38118051753608684
0.26945131355535956
0.13392557064138552
0.1669228004769443
0.2098459392496043
0.4601591307777364
0.33709621885304986
0.1542066779484373
0.4145276602453667
0.44004635214677923
0.3105789198246959
0.4859319364111633
0.35477924194307875
0.38394956521829904
0.47702765576207284
0.427819391996208
0.3356420866705585
0.43338942294154226
0.3814563053463603
0.21240827060991188
0.19031811850709854
0.30080463248936307
0.4046084069159167
0.3930543598699021
0.423666238701918
0.4644057157001905
0.36903905726724273
0.4453814769269825
0.39429888894934295
0.46417771718976264
0.21189051562174607
0.36900385425823445
0.4652957506174479
0.38202844718050577
0.31747047275134677
0.11769764275907213
0.1379066754098843
0.16795196408115853
0.2658755881527073
0.33052062265368415
0.3814586578318564
0.281876124612191
0.2518720816330199
0.1370574071771189
0.2543660317774397
0.4054632212268575
0.3350080481438875
0.23509522448697556
0.18374018118098834
0.33517632267273456
0.4899564156088487
0.1642984083110496
0.28504455011432445
0.22568713263579868
0.2786043684047286
0.31016736720358773
0.2979715514922192
0.3848831776950288
0.19533981440324644
0.42233525407490213
0.2710559997364015
0.28931262485264164
0.29148226326839405
0.12827994595719683
0.23508078577906621
0.38227461355995396
0.13654939160356516
0.14161049778802193
0.2827001933365024
0.2534803618544495
0.4194112485196413
0.47204619783216883
0.13108789931085207
0.11128066776904971
0.1635424953793673
0.36697424772348597
0.14961214858250782
0.25529378667230673
0.12574630868583753
0.346771810410306
0.4239463855845583
0.43354530087684706
0.23224258813729062
0.2836406235042045
0.11383104577819224
0.481899330997966
0.3443257406370402
0.37745509779051145
0.3996242220094416
0.3078345941494177
0.1688914292257091
0.33249723276511245
0.31550318223942836
0.25502403102620375
0.4989185161757783
0.4153630032905429
0.31821693870298057
0.12284048385748024
0.11899101308208954
0.11418769074419886
0.15576942403917404
0.2554423543660612
0.3504530798844948
0.31270590485128
0.16621737464919095
0.31302000986871326
0.40699070806372284
0.35492118407995465
0.3246124593197084
0.3692050711554903
0.45286724446774385
0.32671858223670674
0.33223195278387374
0.469567349066797
0.4340875310698292
0.38922192195670446
0.47168698141497634
0.23374595094365605
0.47236841427846876
0.4192941320987251
0.40060859285274986
0.39725019763926217
0.28791390552273155
0.11802924201430179
0.4448421704684148
0.48139154360926606
0.25401552897460056
0.328244987844443
0.18761736341204244
0.45870605649802776
0.3958399050314517
0.17574708538941464
0.4724613952462434
0.2978293400861803
0.2572301359536794
0.22076754855750844
0.16101945392147418
0.3422175560525855
0.4994290154551244
0.19665369869773627
0.4977756480567238
0.43476335300994795
0.2050128606741689
0.4068382311323345
0.2648693048083649
0.4370049519986612
0.49274660869718534
0.14330715594682863
0.18447762856500238
0.43381640929891163
0.4385719506551323
0.14361424471939455
0.21664715458025596
0.402536289155487
0.262113075946629
0.4251531474583363
0.42885324804051095
0.13288095807735442
0.18884427855483468
0.2947231616249961
0.15013315764558516
0.21898481455437438
0.22079436269666908
0.343077245025864
0.1740276000872304
0.16177640396195844
0.14196615183620942
0.13098624066184616
0.35247238362081124
0.2596923670459985
0.38417321124341397
0.1402089777110682
0.11311711866771122
0.3676252465768024
0.17922554581758085
0.33900035885431223
0.24461136000113332
0.2281803584650325
0.2480155739918975
0.44427823074303885
0.3013189042292393
0.14837516924640345
0.1917160565016529
0.4700184931099627
0.3301655190577273
0.32236001138614073
0.2357078025495929
0.19719439076243114
0.11064337554323496
0.3339096324147248
0.2013745893116457
0.2289256865388386
0.2153072382686827
0.4320488351339583
0.1748481577960172
0.13077476903728705
0.2519224792356916
0.11890093526948889
0.2160850765708364
0.2720612742817903
0.454754161706483
0.2917806500381914
0.16115166167512648
0.15967963425069798
0.24643334909783043
0.347868416432883
0.14425798802489012
0.11976419263493661
0.17776562652082692
0.49015929974949424
0.4163196565084073
0.12699307962167877
0.14133933187592188
0.3230714101545991
0.1499047019333628
0.11037534970044743
0.4630303649158972
0.26489867270097045
0.15840496949882976
0.3999612689494326
0.18250621743245576
0.28266788411359506
0.3503806305634031
0.20080721256042838
0.13738572329532028
0.28336924480752324
0.2621829042063919
0.49727262002593453
0.4668023186406669
0.18798261505759162
0.44227169423492163
0.11402034770364233
0.49979257835653323
0.3573747904745078
0.10459939753170722
0.3352332887994758
0.2524923836596946
0.21893656331757932
0.44819797208109025
0.4296116752672874
0.2846099905480566
0.33723165706037117
0.42395936352788566
0.2442962154021392
0.26021802876188194
0.2104821583033509
0.11323216995040415
0.18083739900771434
0.32069211884647775
0.38503189767032187
0.16987051302399472
0.43094948167825364
0.3257492104585187
0.30996817121932996
0.3647112089555363
0.2229509271514224
0.48883017709928667
0.29907607212151166
0.1396003599082115
0.3279987561560634
0.13429968127040381
0.44724611293739813
0.29444304609926386
0.11043928350315775
0.2501829802396463
0.14889974951681945
0.39105134500105654
0.3311095439478736
0.16829626525977776
0.4811066521744616
0.20317078922798337
0.394050781881926
0.4820479153498215
0.4221788850189705
0.4914837446542253
0.4901147229121058
0.2820895722887409
0.28932170051344086
0.4944929612674065
0.1994468642707941
0.2898038608488094
0.23257799597951503
0.47905438005520673
0.39406932471319756
0.3892487790191774
0.32206032623493297
0.37853015722149874
0.34561795751764424
0.17018072147603902
0.28621616051785326
0.4838236568792408
0.4361744001310668
0.3891345604475651
0.4833946536145247
0.46969328402996946
0.27096205748335644
0.24279569613241386
0.24994952677534596
0.2651201401852766
0.14225921224876104
0.3593294028853068
0.3254013802095478
0.2801605618283832
0.41284610758137186
0.32913884321990616
0.4092815842960279
0.45100514073297704
0.1469757562746984
0.19378312656007457
0.41603434243070914
0.2831263835739342
0.2644033423539658
0.48755149726136804
0.1943856132102107
0.3796179272982564
0.38949368117935856
0.46262531716845645
0.2236768626231911
0.29882453125756836
0.27042806453112794
0.4667275153086822
0.10329563444247009
0.13092104209614935
0.2977300221800186
0.31145329030521984
0.4077404796783306
0.13616182090135145
0.2431901262485984
0.15947718982900008
0.12653138386681967
0.22342516366775983
0.2942035764325529
0.3371264143044911
0.21047566187206057
0.25691268150099256
0.43526843742862964
0.41660531297968306
0.4468307476556377
0.304287332144299
0.19099765609241268
0.4210277448595645
0.14699693727896254
0.18792083129527193
0.4141273589481136
0.1340595807028486
0.17219160360462799
0.1573646671588529
0.16658845942135958
0.10185796536211088
0.252329418559994
0.16499805370407894
0.4615022677646631
0.24411328588778144
0.47031409562432114
0.1450458319505833
0.4574526247288069
0.4226219848444842
0.41897337303283944
0.45588779405112956
0.2562172948436017
0.4815429253106803
0.3321212653267763
0.3947032311512081
0.333160095486688
0.1847914905290355
0.29195145329107175
0.4876734094057157
0.49289635477961846
0.17192258056389326
0.2777008753601937
0.11847723232749985
0.3891718166293372
0.20711238253592723
0.2485341328477816
0.43129076754344686
0.3739244648373692
0.18448803169358974
0.45887065931839166
0.42131877471683177
0.13104732348323156
0.4916814315584107
0.4917206999066678
0.12834218554771848
0.33705018284479304
0.13630771377193965
0.17945489607263562
0.20905903577579166
0.2842167655378167
0.20977607043861746
0.42321636744863256
0.33352024106712796
0.39409643832576047
0.3670581237617533
0.2316071904338365
0.43676617237724014
0.46144246628991115
0.48077598972294167
0.2252482971495423
0.32139256606435285
0.4383705622073035
0.19825187890538573
0.41965181627686676
