5141.586814088492
5030.815156234731
5839.106316137527
5129.327745560047
5135.335721223229
5180.929726443295
5900.29365191044
5429.626256268065
5058.513219678968
5195.475969308572
5308.953714723498
5717.021989933536
5799.99382050888
5452.813226918039
5536.908108243332
5176.746416242813
5284.684129900481
5469.183020548007
5837.109449259628
5676.130013881316
5358.107929024621
5871.7999323694985
5778.627996098856
5169.674229159233
5533.527445267964
5887.193041680379
5668.350667753059
5298.942601053969
5524.778487294327
5184.008754482104
5345.402241054975
5661.95188260441
5709.768656073068
5275.7308637973865
5858.861753190911
5860.10420400568
5740.992243920025
5238.002042304702
5533.31977707171
5652.118043173194
5048.150770510808
5943.302234601833
5116.632476021619
5578.630345817576
5364.980463983693
5588.837423257962
5137.954345785861
5302.296138366342
5989.749105851385
5370.130252113323
5030.141101321078
5283.841825217916
5844.584291219926
5790.272063781318
5357.9314276195055
5815.777888341718
5856.509051102733
5948.41487809188
5433.8790953353755
5951.5491453163495
5856.914888563086
5603.141893562341
5804.387003468231
5897.178084651427
5595.350951133448
5619.643960792164
5690.3954613394535
5103.274120755038
5343.385846103327
5524.238198454863
5402.855128478822
5593.818264337966
5058.86281975189
5987.980705953487
5923.408169491455
5685.380047070799
5936.401066786448
5395.991761461462
5234.917010504054
5992.918874708944
5378.958269834895
5224.528075688835
5719.173211966248
5185.484097365393
5639.193130719226
5265.092470821384
5160.000879163089
5951.041311645145
5052.016459758654
5587.489831037189
5109.611389646359
5496.414514912971
5365.639617762294
5822.400059139825
5915.608661410166
5782.386486401913
5773.425702167499
5819.796132875442
5827.814043300262
5939.690474918173
5934.218292919167
5704.513809977193
5699.669544878615
5314.099153364249
5113.00542707139
5766.7281307855255
5438.257791266248
5846.925232573839
5753.968083705263
5004.221578538217
5344.378452725891
5698.816297532096
5623.253615516305
5019.951006935211
5530.640497156031
5435.979151941718
5699.684930215356
5595.184728692604
5409.609046377832
5429.213230286628
5672.71738926428
5792.771737662212
5988.966136062139
5193.144983660537
5326.059990640233
5359.207193512508
5511.5213161397905
5690.951083968811
5530.41957556869
5175.447363806706
5113.492910175741
5762.967842444227
5694.963520675113
5648.652913772768
5179.744819486318
5009.308299404606
5303.206609385264
5567.980644232062
5532.04254846478
5713.893835417603
5105.524814370158
5937.925660473893
5211.74736242178
5831.037219753001
5218.138240988992
5431.895752892806
5016.1810791980615
5826.357955582884
5573.424596304324
5941.062930367856
5403.238098476041
5642.136120028313
5103.497921665777
5246.362821531989
5749.585320159431
5139.758162913181
5755.007251504541
5848.151177324456
5761.442725705751
5837.752965389817
5066.491802395225
5149.16338806283
5139.472827206954
5600.794104098682
5394.770800310551
5271.260633772465
5593.547520097549
5597.959942229291
5346.444866592079
5978.884114480282
5947.532883860715
5667.357127945896
5356.287891137479
5157.141662211863
5944.742761147357
5841.234146704957
5122.612766100584
5385.199607570865
5964.737667318888
5791.212201200524
5108.003077405192
5413.120922843991
5975.8445717076365
5530.68094594709
5481.8991623667025
5131.634530012171
5559.0947943706915
5388.802971302348
5318.201465470627
5072.12619880936
5952.996521215762
5571.412408204707
5943.529997345466
5852.899948341044
5994.938762354958
5310.1653419411205
5044.174394133644
5850.937702920994
5097.4219848895145
5069.998541610221
5992.521332507298
5730.431156642359
5822.840281317489
5713.881700080923
5205.681606692455
5370.308807282738
5618.938550586246
5621.2272089275975
5200.727597849186
5357.300207412419
5244.06048388109
5483.558204101266
5913.637942940703
5591.0284411375615
5237.127725567671
5747.639595314161
5900.390871870642
5480.922867635107
5015.1557945402765
5774.312285075044
5792.51434750748
5705.054255870403
5422.3247894275655
5944.753422960071
5343.642157943383
5897.616892669768
5780.492675751298
5087.450878324021
5443.6484680357125
5220.833355669608
5432.914788453823
5794.925049017002
5329.244575573401
5776.316410138555
5074.186487186831
5584.535911031639
5099.320720414238
5553.138308045217
5866.74639438858
5641.291447375787
5601.709093815389
5647.653944644024
5059.819653094913
5132.434382187885
5138.453732323749
5351.91146649159
5809.36231140623
5015.850565848679
5216.024058372482
5804.962502757932
5998.26787289837
5225.247526856789
5835.354083271583
5549.879328307828
5413.417454307732
5013.731761921572
5275.980269822747
5332.96170136261
5201.743655044519
5449.501413091616
5315.529451545468
5101.24313876842
5250.4079311596715
5911.12448906043
5126.99166947409
5537.615731077974
5008.0937248928985
5961.569975345374
5656.333627418251
5097.266270621175
5185.242254787392
5084.6161162524095
5451.671556674463
5971.914639402881
5256.066013008873
5627.479005424362
5834.983500527915
5612.80736220971
5891.019402507137
5120.276313848652
5954.961097898019
5115.577109816128
5747.05316944143
5957.3547144289305
5110.289518970137
5875.180651674961
5313.042651098926
5765.7707656508865
5537.488816573756
5209.500334042066
5138.12691018423
5634.421019371956
5661.437137075624
5324.368789375006
5958.123100459595
5978.994660251178
5369.901500375903
5447.105313740437
5378.515814496624
5511.080327289353
5616.555339076349
5695.475636497056
5588.688563185849
5586.4006195398
5068.49985880653
5160.147553371318
5146.662094735749
5367.918903430397
5326.254178114537
5216.6261053696335
5737.611543453371
5696.32514497571
5118.337354415383
5385.174555921499
5237.918592548441
5102.956705586252
5472.312835762326
5527.017527903712
5068.802343148023
5695.558584414958
5087.761949971811
5293.763430386018
5879.857049968159
5825.4312751208745
5507.575983913162
5915.722588238742
5264.862979785748
5405.0797355217555
5440.116037684726
5193.315997494145
5600.110053456215
5327.0182070965275
5727.393649729565
5209.160135212356
5091.411919103393
5447.577082284809
5394.205532542158
5042.422227231126
5630.747123326327
5300.767564944973
5232.876201573339
5044.848067421048
5532.737757578151
5135.770611439177
5856.369604457451
5776.632714187839
5114.042859566479
5417.50752542433
5236.762832541165
5314.4021781935635
5793.220639267799
5060.461203479243
5824.807524016631
5545.555638390473
5939.863442877324
5334.6786941670525
5119.982536131354
5817.392243873735
5287.795153622797
5308.555905625567
5733.949029959127
5563.589047702115
5570.483971438486
5456.232762549577
5797.048566816675
5239.773094995028
5009.612533328464
5047.075600647649
5826.293610678375
5212.655517052288
5140.976522793831
5399.426430607252
5903.742160058571
5385.290511947878
5052.669751974713
5820.0769467994505
5413.747404360633
5263.131296772595
5740.035105108361
5139.7807716922625
5563.678106123118
5716.841242240234
5217.542504558265
5392.850842416192
5559.006035956107
5508.108204712128
5880.655289341397
5436.844241145538
5627.280221771506
5724.0181739310265
5861.842732261376
5939.926575449946
5331.399222663473
5985.824409746964
5937.148470949673
5930.009697429289
5080.04202930473
5129.127940083834
5347.307946574881
5797.830280908845
5171.019029755141
5430.701073132888
5521.061341687953
5755.127780026704
5566.49317968028
5679.477468607581
5103.624312627764
5932.057222571189
5626.112883143489
5404.398869086976
5264.095692672973
5657.933358334642
5962.052957025548
5597.341956069251
5628.152847986192
5754.914714461544
5454.712241787901
5753.070895440214
5338.924562291207
5227.70851581371
5082.549294572731
5799.210914092755
5623.286940177589
5167.723935690402
5570.802737455966
5483.720420977043
5758.371693339753
5474.659326867063
5750.791007584886
5604.84017405704
5333.587569334558
5459.251888874841
5442.089479227323
5416.126068928954
5749.863584790621
5801.602016600958
5816.648224489229
5155.956982611948
5070.8949791678315
5336.740800612714
5128.462267135579
5390.987148821774
5080.404843853832
5594.792690201745
5795.887892894983
5426.596323958954
5802.939561450412
5058.145065932292
5407.262011276169
5522.547970154842
5091.799979058187
5259.6868083192085
5555.8589834001905
5538.067308109237
5464.227851722545
5082.408614904854
5915.3991789870015
5150.911010405391
5760.164603851323
5084.263255175416
5616.652895409899
5535.829062551256
5282.090538122039
5377.372333415012
5960.995938886277
5869.254377001455
5675.8523198289
5675.618015642465
5463.930803834524
5836.381902255472
5691.872012059697
5425.994379822667
5658.825065759502
5341.1821881272845
5996.135252152982
5407.425118362283
5269.208267326658
5631.554399735285
5156.693501454755
5100.016382414472
5808.072259973326
5985.3369739043665
5128.4456510135315
5372.984268689092
5980.42838895474
5134.527465198769
5820.482991640611
5379.766230695642
5104.517305440457
5188.040544589205
5597.885572903352
5826.539089176483
5564.433422637937
5182.318827904698
5480.349487604105
5399.193591025023
5966.522031272228
5422.119792054193
5686.435038941498
5550.851044478318
5093.280136989407
5973.052517273014
5577.032766348821
5971.856667082986
5311.070206087276
5146.033268937754
5830.740396645851
5385.398940928492
5552.282922991292
5447.662600848277
5285.73416533375
5430.5433297769305
5283.609091886368
5639.386407442605
5703.985308196376
5667.288144991253
5925.95100285136
5229.995684694946
5381.053888181006
5946.195904198621
5680.519942711311
5761.42248504284
5331.96915539722
5718.739904421913
5649.674604021567
5967.097556271765
5511.52640326409
5607.596752988319
5150.44917812952
5137.974350367675
5966.643214169759
5333.95729192458
5330.130939774422
5279.577906707427
5455.8715653203235
5018.829919973438
5156.228615627328
5851.229313627473
5570.002967183826
5370.456585432478
5358.706030629746
5708.5874539197575
5335.979391303039
5500.852430636867
5622.623585931817
5983.598158325282
5667.37617493926
5529.860031895705
5126.6498125135595
5312.536574643203
5847.430475580925
5159.135299160537
5879.793103387449
5397.955987768655
5192.46817030911
5126.605868346672
5865.06083709513
5986.914818718627
5112.119941001859
5541.9301676299765
5407.778501100807
5844.007319099328
5676.652049818701
5174.05605040746
5904.082196376183
5876.226403941823
5233.412567312851
5213.335826883698
5021.31219292616
5551.9678686275565
5001.537056105082
5265.1938505874405
5688.606746128777
5355.423519890967
5156.70367490655
5690.2948605596275
5944.854642026726
5270.714689192988
5105.254935105782
5642.553142155386
5211.398838860852
5526.043297976457
5356.687393381482
5098.631502406361
5913.613600953923
5907.554747221412
5154.216077909526
5015.423651886333
5261.642575994136
5064.7002731732455
5911.811733434035
5936.329036043409
5875.724684718751
5420.01346564581
5869.560403228996
5430.173300486746
5795.43882054338
5916.089031648907
5648.539710231467
5341.84987705087
5936.387311190101
5539.405777198071
5648.028160071326
5950.804923212473
5924.874346701083
5153.737557435319
5319.30726089707
5057.657201474036
5185.833803562199
5134.764566489479
5059.431121530655
5487.478857982189
5295.16467004349
5227.001594560722
5334.252275479088
5318.3696107876385
5865.446673981476
5937.0537317493145
5286.987350032775
5636.834601945016
5522.517750077272
5981.3961032053285
5900.707761234383
5938.530778311187
5282.845031182312
5773.481244176573
5789.3310664227965
5314.018960737205
5189.0698267937205
5828.754175105268
5661.297711816819
5474.1133466186975
5950.501310050472
5466.255300241883
5024.71932816413
5017.284877890517
5087.206975144224
5262.094296314841
5339.710738897961
5700.74361357045
5233.943034891557
5840.818992495454
5891.7267484806325
5977.168160384836
5282.5380303090715
5711.330350809874
5717.836737871343
5252.949578526095
5089.92512241649
5246.559641397372
5504.983602446807
5412.840798684086
5543.603219443132
5076.111453054238
5093.073074828853
5428.604508292623
5136.793302348607
5723.5362256847
5020.981732374704
5448.1457759049335
5575.124950021256
5823.142990762546
5255.185038808897
5102.75432125188
5134.447712851985
5046.519742219502
5135.4470294273
5449.124395774302
5352.031699632997
5007.893615981774
5445.511180654779
5158.739239615306
5683.632009455069
5135.81964336942
5466.454020417524
5530.974078829264
5038.484434090736
5347.11162785834
5395.98272248151
5282.771994684404
5919.717221974064
5429.754232452981
5694.604595908811
5336.609875075687
5097.5280487821165
5338.659475869423
5682.767429302447
5522.315045061214
5971.5532188740945
5524.547112676973
5971.744589155602
5221.047747877913
5412.843598754499
5052.573265885369
5450.295554657476
5741.323258631615
5361.813835977418
5000.670534026748
5572.85158164275
5606.862980396094
5644.151698209928
5423.011564683506
5861.404675567146
5656.316827927662
5180.327569039988
5663.826462585601
5024.776252458345
5487.500184358242
5572.5859346543075
5160.660198718666
5907.632001263347
5100.7673891853665
5517.303057093222
5242.2842019534655
5804.334593103686
5315.526919494718
5682.323759024157
5242.469175919554
5087.10412747688
5851.966726347999
5632.979722543566
5538.284401025191
5721.16650224426
5743.9283371408
5620.58544596146
5156.0250658486175
5819.9797037578965
5873.501288586213
5775.47860270099
5600.762369536148
5512.977712409686
5714.46510135466
5634.718338598182
5885.418972110564
5835.600371465788
5819.863311795755
5490.222213536692
5326.288157871094
5848.989376174519
5587.600318614768
5142.160663998047
5527.379786184089
5155.579184914091
5355.534049246368
5570.664079348511
5185.949501791226
5582.18190627488
5999.722955050944
5644.802703405637
5634.50668651786
5499.122842967825
5637.877244749871
5820.317430840165
5669.595728221122
5865.221762340091
5921.704363584198
5137.020633166661
5133.9595947772095
5924.619789231122
5442.739037954621
5798.274879976444
5530.380620934671
5746.431409449146
5377.2952450928415
5538.4021008551235
5973.184252841048
5657.505191833457
5143.896203255432
5829.469119519027
5586.6805341852305
5287.746888126469
5622.301811785633
5098.769003054318
5069.612741354239
5803.783215431363
5781.220978865087
5019.890303360224
5603.669960165604
5294.754037943107
5515.741478046918
5710.024928771994
5805.192433586721
5088.934282382592
5555.552425275946
5734.851086288857
5053.160302461061
5101.564762724055
5364.096986021057
5104.345584088503
5774.17115585381
5998.474966757639
5219.549798765782
5421.764787206411
5162.42542163681
5489.925284753447
5259.102787714922
5832.333905008033
5739.648069010181
5482.745963061871
5280.331503581666
5054.220516426577
5998.798120977561
5784.003629572054
5262.654697930571
5891.513375491082
5341.858924030225
5580.171578402491
5734.438449334464
5807.317486860244
5381.0271999890665
5123.98102090229
5552.417147088216
5177.495061067899
5771.753758660615
5047.46246460487
5597.463622409463
5900.965769550986
5821.697771763068
5283.966676234502
5419.360781654283
5135.981077974619
5319.732289942017
5825.455737070208
5670.760695631507
5924.440308421076
5720.220484784452
5993.853026486885
5411.538600316484
5580.869634438578
5742.782498129128
5570.820827938069
5231.7771783412145
5549.8478330766075
5981.174463379311
5662.83892906536
5659.125965265208
5249.15259405492
5966.695296251617
5473.582151450968
5901.935799022284
5031.993731642338
5197.433896619135
5169.53951033377
5838.40537876869
5744.899814061393
5055.317558806699
5148.922028371752
5117.38323097992
5726.680060106268
5078.840424566395
5414.461853833474
5249.915029568101
5675.282781337162
5285.657528377295
5387.933452768542
5263.5974106373405
5103.49915628824
5616.459240419329
5818.048291530864
5404.306012087433
5981.106126978126
5560.987680180076
5149.8780773790295
5747.139267136715
5450.614337889123
5275.61760009016
5132.992645149616
5209.104918833247
5571.061170923598
5969.533560858017
5633.884942623575
5092.781029449262
5142.9925830543225
5908.206019688701
5702.243326971802
5571.115548723725
5142.571867402234
5948.122846643688
5735.122598587733
5962.3372159976025
5595.301865968309
5718.724543885792
5017.062885460397
5386.973870014546
5464.164422402752
5500.751454755533
5879.31180151489
5751.980037982521
5540.092534458782
5983.434279986315
5504.124889321548
5164.746352761785
5238.556070448526
5800.709244941067
5763.350230221195
5481.701266007963
5523.2338462385615
5761.23556528182
5639.729961111103
5153.8773478766225
5572.688839565873
5100.427919782705
5670.47520758999
5671.287901859132
5063.656562859995
5085.583876451143
5337.608926153068
5313.852361443864
5377.142900691969
5158.796803068307
5400.80451807971
5500.0568624964835
5890.114093599681
5172.083522701573
5304.271077926269
5430.9212938541405
5632.651643392656
5572.443896084989
5570.475312104423
5667.605201123357
5361.559612202896
5685.37643106387
5810.90564201011
5810.641645459018
5480.0050356456895
5837.021818686158
5079.497635911599
5203.803433831832
5862.1775849491105
5236.650480515625
5032.723585465211
5705.733932732674
5359.8059496153
5774.681070063758
5168.00924252168
5885.683368326394
5275.463649058865
5966.57048683552
5618.100734558053
5806.305534661563
5360.509708399353
5653.833341902412
5177.771433520611
5066.896225687139
5186.94291247441
5066.19966092016
5937.463260840905
5659.077749808222
5452.147553053174
5914.104457158805
5585.731344159868
5374.92319313553
5741.730453062635
5214.970480702758
5456.987806209573
5111.419012806109
5168.048684778598
5382.166482334267
5718.07327857651
5403.857319904697
5528.306095526382
5367.091645726673
5591.0284178425745
5236.396460989397
5584.455205618766
5597.200782617757
5654.46102780039
5255.438317907162
5088.5865395484025
5387.963610861603
5648.712651025035
5088.318718295862
5270.478079404803
5102.780794099489
5684.791504085643
5404.789263006902
5913.350038618931
5674.389690408953
5551.180226897213
5516.056924051532
5965.175666621303
5175.018104095432
5720.890094364623
5897.624599913999
5698.180170700977
5302.324406550562
5845.797618440656
5390.05254794662
5092.48768580274
5258.30315012171
5913.3729102344105
5910.309644108245
5054.541526647238
5972.976541983915
5437.28461898521
5745.756029443894
5566.005583617656
5301.491435601421
5590.849833619148
5023.624358382806
5713.687160198597
5376.654756277146
5621.578582200154
5215.155021654888
5084.782941056839
5822.786599357975
5866.423631407794
5387.321024602927
5411.2082375431655
5610.993875234868
5714.3713048642985
5405.871187478699
5846.226730123072
5641.48296805015
5559.116820375733
5157.089973811842
5500.222672728044
5793.711842621593
5881.796253915473
5544.544548927697
5289.529790404627
5561.170612306002
5725.88292122532
5060.712936977217
5593.455322204801
5266.5290321685725
5404.191448763013
5130.046820431573
5125.139173597153
5708.478965155642
5970.617704483304
5511.532575627944
5343.885084546874
5651.116391568421
5123.88435941422
5253.138975859462
5993.403011356765
5554.463625487039
5226.212861321753
5909.620513348071
5101.304298913657
5145.807881574375
5821.841796928527
5417.714916162224
5465.548985651075
5926.772147084188
5664.224237903572
5484.67256286261
5085.2097023926335
5360.698127952571
5108.036097130623
5280.200725590332
5630.208914385309
5235.127163396148
5249.165744642187
5590.020978044602
5678.443731874454
5614.39850015401
5485.7626970191495
5136.968752219185
5672.206000472929
5454.405376012306
