990.921844421498
969.1584105109584
593.1617427545696
516.2136843338366
773.5206076870573
523.3564799645864
741.1715954028829
533.6544484368857
562.0755719404726
727.5558824068346
983.3881422423891
744.9040848784971
971.9724196913475
640.2322135921062
667.940536782516
961.4197889809193
725.0307360143312
729.8665679398503
569.678491928928
958.8409014128404
943.6770618900912
851.0177242233231
690.9362669768194
864.3614704854717
584.604520823144
669.8152624162497
865.4474120337902
759.0394714008221
968.1018634696045
812.6593176989775
533.9458723479463
532.9522408126264
811.5142233932531
546.1909996291539
935.8041304966245
652.2907747774625
650.5120143947328
972.5743501241755
578.0859062219591
830.8933419131329
738.3350561184652
578.8185897974503
748.0265046809731
963.3150209632795
576.4498567005544
850.5280420466117
702.6301713598409
867.0109778289066
894.3550543985127
778.7396812107805
540.2345021565117
950.9541500489802
983.1967213374869
774.5154116090409
945.032125965437
570.3370046818059
754.6109299299159
822.8814360464255
833.9149544088959
921.5800269638321
903.3784164656613
825.8651100420286
986.6991479802399
817.1843412929088
756.2208900291753
759.6247426029377
546.7514535682507
977.7144452141438
630.340572603051
607.4217349239144
611.9386215433184
526.4477430457919
615.834956734978
668.9860547912572
738.7804620605176
710.6687015338814
673.4757765394482
638.8331625249599
676.132421085867
539.2211371174934
677.8839137701693
840.1355348181091
835.6943363002476
591.0495612183144
719.6633589363244
784.4033464701911
550.1325146292979
767.3849106821322
793.9890475350217
741.6133712441992
996.7286692488149
778.9530423348979
632.870173570307
630.6692425232874
854.0796371866036
702.5649363307414
971.720474723076
515.4118615713854
973.5645034117447
896.2589753732514
690.2527067905443
689.4687923471187
778.4602469625021
830.7234956298821
810.193019820762
903.9026185472154
738.8568022463662
515.9603505594984
727.4245509139234
604.5618986860434
572.6421314092975
602.8843222855972
530.5752338020116
664.8869427893255
571.4897005456116
634.009681252626
646.4852429595204
961.5765684087037
904.3047243652121
741.7576698336579
611.2325601870623
672.5197839166912
705.447100306579
715.9706265756863
945.242264706088
602.1918295589949
578.1501702805822
553.5715459569301
844.1655074440619
921.3688542922789
571.2387779542643
987.4364435103578
734.9523647360593
582.8646974351157
702.3229068149923
797.5357728877864
593.78603764122
600.268073491245
567.4968995182786
800.6390552965469
738.8778575654931
523.7541618219088
716.1027686446497
573.3794424514622
695.6187889502708
918.569711209648
623.9332262796794
847.0559436622954
763.8028631179986
966.5077161283987
691.9751134024593
522.2870407637417
552.1567862248928
680.4047585271135
842.6125557486431
715.9040665223147
526.4432258797809
691.944697595605
869.4812489967019
750.9325208274615
876.8841079205597
565.0184481199062
985.7854818369431
698.6848846521176
827.6653884044295
954.1938334924778
956.695752676301
890.9347966357916
703.3911909593191
845.1260473325674
799.2994352971425
797.7984778817611
959.3461163336495
565.576623410592
595.676860320157
855.5655424513434
606.4370643500317
636.1464549052081
619.1982246127493
546.5752141487301
772.5591707004539
646.1241748340542
919.7541622342085
886.1432962821373
969.2889613463883
988.293107107812
876.2548245938249
804.5205547662197
892.0986991505115
954.9702547156812
694.1709064776974
514.0451596233819
661.0576116308389
971.0530223230842
869.7556009647791
963.5133462066968
844.8400561422318
636.4313952027429
963.5870710537054
783.3227192118127
708.2874141262985
531.4098221536123
579.0155434124064
528.5947451462343
730.0692871522223
677.7745071012769
748.4115516991685
628.7905761557997
638.47940666454
934.1363469566973
625.4128128078521
985.5132655563502
852.1398462149875
603.7546530633402
687.5153110480971
640.315361572979
689.1712498716643
559.1450570260487
754.6667827742435
912.4516493923076
994.4701061881877
586.3298688815207
919.3235471120553
857.9388336309914
608.1270960609081
527.6026845924285
972.6802190758145
908.2583588756154
509.66850045142576
665.0551767765596
784.7497264210499
792.7856735066377
796.7771732469082
684.3764011279773
648.7971961377502
868.4309422063386
916.3712388728247
919.8199394789874
516.7824284518034
984.1805381803224
864.4793220114705
771.8898844917242
585.7767549247944
872.8678363678396
598.8756842950644
645.949666489061
707.9307001178787
656.7174837464494
735.0408670657754
741.2531990219732
645.5218304992828
828.952455059077
935.9745317798037
610.4136453029663
907.7229808773495
567.9379316473403
909.2892567816523
592.4593946877153
875.81074696716
576.5493029019827
797.1492946866108
795.4308063583735
524.366100160774
513.9041234739254
899.9274407142498
548.6211643481878
880.8214835029983
642.3789013778148
770.1047596257721
519.8575712774002
591.337101480396
502.89129899025176
834.3278068212132
556.0933915997084
977.5082003976979
656.2483196096707
501.3753222017808
700.0868458617095
841.4903179989593
666.0466444571358
936.6018111765836
887.4213433910132
821.5910880366773
718.1342666725782
635.3763686862835
578.659332865915
627.3493277200033
872.8671639186825
500.4130435462172
506.9472299358984
977.5580943234811
651.8361335916154
846.0832699904302
612.7618214077859
996.9425482779541
859.3876822854518
652.7370477641116
681.250099464139
504.7978238559386
815.0314891305736
863.275800224402
914.1166207451331
532.9476896336399
582.8082656985787
805.8760966522113
681.5342093197922
740.1243445467458
917.7575918774999
947.9529212308796
997.1798177689536
525.639645218933
652.1020233314879
903.0288901405745
993.3525494786634
520.2602103150007
717.8759066792851
713.2559868481172
858.7502274362469
976.9143743900127
699.4541513903187
978.2924821935094
592.9099294236748
925.9452371147195
659.463626710465
977.0802305379924
820.7966297919781
880.2598548957683
878.2426183344604
925.3173318527961
660.4646006347241
863.8245944359672
964.602769723292
932.0295104555412
571.1813100267426
637.8877941968345
529.0325856355104
865.0831691362107
875.3485590931076
868.8217516952329
889.6613174977822
658.9307912579727
575.3627193379763
602.6491975858447
919.2923441927664
803.2324106238075
881.8441385012684
581.5863111232788
871.4347959851013
880.422040098729
567.3074421029852
841.6890123818596
776.7198667061523
873.7946110638604
899.6741307734001
813.4992335869581
921.6214013589943
803.3841725853426
747.7801232638
614.9596523088161
607.1821360259578
563.1071558460043
728.0658480633849
607.0400639710876
658.3018402428002
805.7372393881019
891.3804537368048
785.815866031881
692.2452970826646
651.4810849653967
508.67678820371714
958.1682405196781
678.4517981688147
989.8084273652103
782.0026928662858
949.0971350720836
946.7825877375467
936.099753075759
726.0118164458802
864.8129885351264
629.5291347174436
694.5981714804593
745.1595049589065
917.0620073660563
970.1941753772801
824.4306975143513
861.6803207617338
816.9757414069671
824.4614870748002
547.8988337882824
683.9311110984409
851.3752776535513
931.7108511569627
924.2422511343073
853.7514696352157
877.515480828187
828.9833644594923
780.1817261631597
669.9847597025534
787.4630433013074
729.421921155413
673.1563712167889
709.5855572124647
897.580713577255
827.8559793311231
622.669409107981
890.5205461288508
840.7760285920767
998.155388370385
879.6563371888813
874.8840477107203
802.2812285044338
886.9007480541644
837.1808839053708
605.0218149653008
785.6946498197117
512.642221142609
794.193823572555
993.6838340490235
732.9305187552716
903.5438993066232
693.1476371438941
793.2049073355209
738.7499232095518
814.979796758906
673.392653258261
734.2792145217448
630.3807158797388
877.9875525606549
676.1216255308149
996.5378277499256
563.6813886752344
705.3586814240335
607.5086084332008
532.4922304871022
890.0261879223808
511.0707470892388
817.7377223329777
803.6920191137551
775.8835871811177
531.938597190495
581.1208938770382
979.0469127967274
672.0177522542781
680.3636934743788
946.4258715111728
914.846391321413
841.1823678018416
723.2774033607421
729.0704224509009
544.5706432638142
511.1431142558106
890.873452872006
641.6443830210444
852.2838491920609
785.3602442814432
556.9612414850252
612.1795334908877
518.3238480791282
643.6281023086084
895.558888212284
786.960785465631
711.4111609316268
899.5380327980055
648.9183566518321
590.6176248190171
721.378660999919
923.9151163691693
672.7532150474851
984.9214319047951
615.1155001124667
927.0283401510105
559.463981109199
998.1228801731443
752.8202786035619
956.0676678932459
841.2521829780753
867.603351463584
518.2636933685196
795.2864277850297
747.298106625683
933.8344447835366
665.0186466007444
808.464299757688
769.945742316278
683.7124844362696
877.6745035358415
965.1771098840418
640.2733104420836
617.0126822302262
647.8638581733519
945.2354621908129
709.132774932069
733.0895761957365
903.3377973010295
725.9087956976673
589.2477294609748
514.8176242244328
803.22042656299
554.3122237701475
513.9822860379252
995.6469800861178
997.4876696687434
637.637741693734
631.6379886450437
535.3681671121929
896.2420622925074
848.2451906937276
536.5292795874469
597.3260524962618
598.858429993219
805.0726064716471
694.5841284284257
658.815781284255
917.9807331856787
537.4420794558189
765.2402180396805
893.1428346545731
925.0221136720554
966.5758279040067
886.587598196272
832.24632384641
899.2867899272935
736.1165015485427
906.7148562608214
615.6143033158303
911.5271595592662
954.1147599473942
992.4361735199778
830.6624292573393
536.102208696047
659.1063812232849
657.4745464969012
522.7875004201749
665.448220190133
573.3932143943395
983.7686868243566
580.1268838604187
511.6176531707567
566.0012678281616
950.5576874972157
931.498395866011
764.6106188835075
530.3049558977601
929.7360198331583
705.8316430934825
639.7340898511927
799.8762155650268
841.6555776981718
577.0210479779655
630.9652220259991
803.1923205787864
968.0127117704078
817.2600002934441
631.0810398750905
772.9562057386512
535.9236472605927
979.1169644782156
883.6757440998543
533.1872751930141
810.3896089172547
616.4956032308198
969.5073613890092
845.4767640533697
710.8154334738914
948.2296510076073
816.0724548016005
755.000499131919
829.3592210905318
894.050973958133
650.6600883882954
925.2782988563931
846.756828908279
511.4829337214536
797.5473998569303
517.0668416260222
962.5735454892921
510.63298715481955
974.485255818071
792.069998717441
804.2504795461938
560.5519305077831
578.548081437316
612.0193935323377
859.0631813906348
506.6940665569212
650.596259260944
802.03467454496
993.1546110744175
652.9726909042483
717.1483103501081
773.2814255302802
812.0849787008381
856.3649525045369
795.6214204053438
975.7959963587912
941.396571426746
562.367641930735
981.2762981778658
673.0006180007254
559.2743577996762
666.3208827267295
561.1395108437405
617.5200695779841
956.007554036649
758.248138648943
645.3155761229868
647.1971719340888
677.4547198615323
690.1053040403187
777.5366730606764
740.2206820790698
583.5620890872864
565.184173382853
781.5410976490093
598.0182108053654
687.6333032304344
824.8970447133045
883.3547730714197
637.4426411088928
901.3387783370828
854.1709248467314
746.2526257070701
870.7215269819397
500.59086593020356
806.7514401157293
743.5522777640427
596.305753775929
577.8292282015641
558.5182393510669
894.5981192092345
808.1813084299657
789.3859872561673
914.2163255382579
562.2747714826129
856.6105595532395
986.3352372118111
999.7775873900191
835.4571386651166
943.9814740070824
882.8820866881778
645.5857263239575
699.5508717717969
878.4510310557976
947.8428595817052
615.2968767155415
920.7108446613481
981.6793582825761
601.133137332698
678.3203854551201
646.0979383514016
740.7007810445912
990.3686669210857
680.2489465279922
913.2001559687955
838.8677849042613
902.1590435299888
908.5851777143799
666.6758760611747
600.1239011901463
530.7610594090147
633.9831777818279
779.5700112294048
654.535684066966
547.666908018319
905.4634244442768
875.893762213044
780.2004903381201
685.3765844752527
942.8606383367137
724.9444602647131
903.4373410903064
902.5145411408032
947.718392850878
793.5178392338902
841.8968782580586
893.9972761666738
562.9620972497963
788.5818483556582
873.8339077469585
863.5018953758503
960.4154287462397
639.3768879835825
781.9799575482702
774.074746086003
713.3060378358315
725.3237509322363
764.0965102059195
812.0994556674227
722.047097959161
752.3401978647689
860.5740644904727
909.4536924908759
749.9490093391428
705.6361149930223
541.6506866510979
819.9163878327665
655.5489572041234
781.4973375898153
742.2081312545145
859.6502442691187
531.7078586326421
851.1021877261501
993.305837171632
951.9414088953862
925.8294870199707
722.855950487089
838.6490211707936
541.619705571895
635.3394381253974
962.291503718122
676.6361325710891
644.7363710122366
971.1162980633949
809.9679103761259
583.0905352187295
660.9641856789743
973.2180995225342
766.9826105205975
787.4159356023611
557.6413074845207
995.1112198728495
793.6345527465361
515.0731248852708
788.151360192774
985.0533836048087
565.6225191585278
901.2626407066841
985.5782295763253
712.9094673010618
683.0222067607821
829.0636787378045
641.6292103062492
712.9194315406448
558.7871436543332
650.7923619360997
964.4402639489492
521.2939961026192
850.6771532146379
960.8981354225593
762.2315392681369
989.8788749164594
719.2763790720395
704.2878911388782
827.4508422269289
873.140574946801
517.9261732535371
919.3777088104491
806.3944188662048
799.7535258872036
747.1758211364709
765.8065337931946
590.2605066807034
905.2797816768289
643.3111420009045
707.4557337391486
925.4549465805096
889.2653099500137
607.862797574625
718.9370044430009
543.0572340457354
698.1035278397201
810.0239388768971
521.9305945184686
945.853926786293
741.0791144872842
632.4044470046987
655.4626103154841
551.4243331817527
921.1288839061591
697.0611606439071
549.9786697108242
559.9464241346436
600.5664227732038
657.6062714274171
878.9664521537115
989.3295132399817
760.3606928231427
860.0721811418216
770.594695112352
947.7140578004531
864.3062705076215
755.3161998844713
763.9616185175823
920.6027742535302
590.4919411808718
886.0254148842196
764.9572790096425
595.3437961416623
797.7236813266709
539.2182238274049
903.4717372011587
969.4867999742356
950.9146266070076
739.026987986559
535.8065503779324
507.07763508768124
528.888431782469
554.7299786968956
845.7066301483601
771.4378363921692
772.0780709940166
612.539045804465
946.6803837078729
500.1683563407788
986.8938654600644
670.1643766381677
823.6461732483546
536.3027160621451
892.5385812270272
739.4382400487996
571.4053461374558
737.4859037276498
722.1661142749915
659.2295975958608
933.9800136793609
605.6137873554487
682.0024539807328
817.6839112841612
728.3961622652298
506.6690921387758
771.4730275725312
791.2340236212714
995.8734521763467
642.0129689940829
974.225871857464
673.7735306565505
503.5765378734922
700.2231369516531
967.0948778179784
839.758684826934
987.4016748827892
984.6934282657928
615.5277492011091
607.7219539097317
818.1793788212115
555.8597176314635
822.4166692696806
848.429233478199
736.3481406593833
665.6206874663926
859.2014619049343
520.1711890641803
604.9141377210155
527.4194851370048
887.5674265536222
958.385571674379
829.4981865773814
578.8240923221804
507.41066000635135
744.1521069625304
825.3887521343518
828.9213535098206
659.8413604802575
545.2531843298277
567.7884174444018
770.9499318104731
894.5804071147478
548.3012978247085
611.889513956637
513.9777942514617
742.6007730869705
572.0756496036975
977.9096102902352
802.2880696064185
514.8092064462631
561.6107603998718
978.8750333310292
976.4590898705284
640.8250995852841
941.8742965888002
865.1870123868612
548.1270432529847
770.3542092852713
722.2517989980679
659.1620251985886
906.4004036324334
963.8679241740275
644.1153135425667
967.8855260340246
833.8002016787345
945.2158907849771
882.936682678816
848.0451022734567
930.0660476256642
792.3493623096604
828.327863175582
897.1892432552788
513.4406406644953
903.6405440499261
665.3961806849334
859.5980489357703
903.4096356705056
548.5828775797065
719.4977854219333
616.7564136841889
870.1381859373657
780.7631590702931
710.4224940820933
979.1838353426897
820.6785701473252
637.3511346576714
703.605954832048
596.8068546196449
589.1500519578299
973.436041762938
502.2657157788445
622.9959969019224
760.4724147374982
792.1569447821249
704.156268000349
838.438982709197
848.0239264109409
988.0798626200242
890.6588805744623
944.2099201141971
642.1932047512068
953.9506658261505
886.008153688048
710.1462172796623
906.4269428535355
548.2308888042332
512.7562064346085
748.5626716749604
945.6795979950741
631.4681359291311
674.5470024793636
713.0402066729544
885.3090653431364
691.9078340896175
982.9219429607224
683.4446100859702
676.9654389996199
992.8723817665311
775.0697190579949
716.7995090247009
575.8953100076443
558.1412704618664
717.9096108983745
693.381326721345
984.0587074189618
705.1240414282834
778.0395139328596
949.9551940073331
989.8505498350698
871.2716824826709
849.9204159903559
634.4621337453082
534.6094852778077
871.0307545522533
558.5457597100627
726.1308803409672
523.9118637661178
831.7180303875032
760.7831361585957
744.4965766696201
676.5346430332479
595.4438827954881
609.2887291024435
637.9810059120512
741.5922597033352
982.9383278002258
626.5101024963673
630.5050116930332
578.5223057445826
961.5774026379888
875.0014613689468
883.5865078428164
716.0883323575206
515.5514337905693
672.2963091817088
539.4911837864202
561.1528122218772
876.7137160493999
890.1049895474578
561.7544056875411
515.0727146845264
991.8146522660202
782.786996367434
586.5547431792529
871.5016629240629
813.5101730988886
766.373684417681
653.1791698806894
946.7668363605129
986.6912118701896
544.2180479364492
875.1793793244522
860.9720799913292
551.2991129809712
646.956528924053
816.7701216368795
509.7017944159205
899.3691427909605
977.627823082782
802.7052051200571
636.5191268943146
690.2725229632099
807.380643549953
584.190324013959
718.1680803472213
727.5770147958964
979.3550865248411
778.2218333155472
904.892154097787
983.0054330820617
760.0408571559324
967.1005526784251
687.1599105726905
932.631083415094
830.698600511432
709.1838319526755
835.246423913412
627.3632589145963
675.3097847105546
750.4194338745832
814.2079499302854
545.8153581454077
956.9114458938698
650.2970307744737
626.0651044849121
745.832838297106
599.7154199875753
603.772316656776
812.42404349094
890.9044264446757
724.788449437729
943.2827904333205
872.8992734472281
923.3533325470485
910.1060637885175
890.4354166803405
909.042396448669
949.0055473157581
515.2559979096887
917.2512552882647
746.056990943417
537.3397337090977
849.6311260320467
930.0005924403964
869.5661896973754
619.0206021479181
666.2105143609778
820.5957998685865
752.1926227646848
796.9110092203816
658.2812979490147
902.0782820064819
689.5926241955281
806.054898353619
595.7873000129474
806.0134048410782
671.2317439083209
712.326054441909
881.9430595546398
728.063235046645
781.1952567610615
933.2181276505612
938.118337006832
835.2889421607381
524.4553456193894
565.3012129380054
623.5301837476892
