0.273806456790352
0.4455272956165327
0.397655468217024
0.22082817794465562
0.48917073030798564
0.3853548189533583
0.40027805494177193
0.342581009589246
0.384613947777403
0.41563636553787653
0.4982744451553929
0.41822598788532195
0.37014994656965206
0.4323472946221839
0.15560007183409064
0.25304228924600813
0.4684374857134449
0.12584104570155993
0.1017253130294348
0.11067979576100294
0.14074342323275468
0.29628229263559996
0.23630974364146354
0.4341237595934436
0.1585282057541301
0.2665305554271805
0.4982569532879433
0.3997544995664578
0.18622006247981876
0.4515773604939992
0.46400064843561095
0.3710465593712008
0.40880070919257827
0.4748147781870454
0.35783938637695467
0.4855767775717319
0.43239317663549515
0.31817608815059883
0.33491919606979526
0.24285697246238486
0.32326109889424204
0.48543303800947046
0.2456377674489396
0.24642554374432454
0.3154682466994374
0.3575775830272021
0.28489408955492174
0.35047839050842666
0.10145756273448275
0.4604942005838689
0.17842311759072046
0.18390676124867938
0.4693841920394586
0.36722404388104646
0.25512603020229063
0.1143894883088315
0.31713876081516457
0.12335086597276086
0.4710713957087732
0.34398679407411115
0.25852826804886175
0.3637872417963156
0.24210177343035233
0.33902200926782233
0.1696377239879503
0.4546580732653742
0.46130238409838953
0.48864539140575314
0.25564398038032987
0.16720967737104325
0.42954288995023915
0.3934979807483935
0.3979964484774282
0.1190333463316161
0.31934760634526593
0.39844236700580027
0.34443966720417574
0.46769359840115965
0.3944798456163544
0.23829688632179505
0.26126235295101125
0.3502103345648261
0.403509226091886
0.11400708707527843
0.13544333458041777
0.3186156885466347
0.46542174883879495
0.1732726957248189
0.16395017290975913
0.24058757297295694
0.43496713845058366
0.41024091096937876
0.11321962967870021
0.26934220956156774
0.39766305981519656
0.2521907125292754
0.4079031092476758
0.20843134855855833
0.2494558142375305
0.10955354387293861
0.43813714541088633
0.11497508501254985
0.28464063380482996
0.4152571118643209
0.22284328530799924
0.2806995712645298
0.2689234724967903
0.399772416952092
0.10535742692741144
0.31376981687829375
0.12324911392864997
0.2321000178164929
0.14126894381195698
0.3910355084200384
0.4122722674809397
0.2760034409820037
0.3244640860646246
0.41123027312581195
0.1361886310083373
0.19432768432255096
0.4947955241811606
0.33423768408151056
0.47347649054598295
0.1666969317058924
0.1355481400346165
0.36332719419845716
0.18587406436490933
0.44722072910245725
0.3803706671922278
0.296639977650924
0.3028765750814162
0.4023785421603936
0.3576242171573081
0.48445094242287634
0.25584483500117733
0.10420098655017616
0.1699610312171757
0.20152864588345953
0.3833642741456573
0.3168242517423332
0.37564474572001993
0.35633536844030567
0.11894264781728787
0.2373541911097511
0.22690012307005603
0.11165641934485215
0.1128201316867099
0.23590448808780035
0.18828647007708468
0.36244952701343436
0.4624962897322157
0.25772158891730346
0.3960850892323349
0.39646032272822596
0.45999065577750453
0.2758978021709229
0.35134525461299515
0.12156569090641495
0.2882632355812079
0.4558402926347732
0.1410984004570929
0.30653589658156566
0.3857309903753755
0.48656257718210594
0.4407011927790926
0.20630381412000853
0.3508908318880376
0.25918615734770933
0.43511696735139493
0.2578124936621327
0.1895622304678355
0.3628165453273603
0.24567344080858305
0.12170035036863124
0.40390352060918
0.38779566327443626
0.42066954662895295
0.12488398032169044
0.37625767406259014
0.3413999129397656
0.31056797577166867
0.33303352687929
0.36265500100509285
0.3617126233153285
0.4480315774925552
0.1814745054087252
0.39580610271471484
0.11456370140477135
0.4362075313968792
0.11733332029092036
0.15204445383776638
0.4233778819181657
0.1941454706634328
0.2704413840618488
0.38348681176498656
0.3223408265110693
0.11155313557519882
0.19461473575065075
0.49871168881466377
0.3890818033085973
0.3195519584740837
0.4329075723725321
0.15872392633222443
0.4119580552629386
0.43177074661965953
0.25825749023279776
0.38073454045473065
0.37246713694697764
0.4603370419521694
0.15563687006853477
0.4855374844980238
0.3665472024372871
0.2768315435722014
0.16055585113689924
0.39165050748163066
0.12677894051405195
0.3972051216825413
0.40047424236303886
0.1987619433599552
0.30685834074035434
0.35609488394957234
0.11470974136974577
0.2647603321515804
0.4047355748250302
0.2621471506215356
0.3990447252223659
0.3504877183825511
0.3775125308414019
0.4731347417060744
0.4915943173443139
0.27060180977838966
0.3165172718892839
0.19557487309629554
0.3992518141786422
0.10262400241904804
0.3810539047143422
0.3724565051168841
0.34329660109522664
0.15837820089555854
0.26721056557991996
0.13562540426616065
0.49964148941437825
0.19886103141821693
0.12984819106285844
0.1559528109830923
0.10997098818294378
0.4152241170531866
0.134590706855949
0.21282766399356345
0.2849633119331616
0.39839532601113214
0.32669655213646537
0.28218851395836886
0.3507780945360872
0.22057647795502008
0.18520213342081313
0.3124911516663541
0.3652239124863812
0.12130308462580874
0.1487278516512185
0.42307441002627666
0.14326445697003565
0.4551374562270052
0.3599751038468887
0.4567766219726682
0.19504057499024743
0.13654092781093774
0.22708885522787786
0.3614329998475382
0.35848743068574995
0.14353320077065979
0.3402020450744969
0.4553761698521801
0.28413558565632446
0.28308694529381984
0.11010199482860675
0.33618480641153675
0.17393335035652835
0.38410357601476675
0.36339817218951564
0.3577650629830472
0.3171863571859177
0.4686167326936832
0.16711150590965773
0.1555389651865845
0.2758675652447198
0.29360854411231474
0.46187977477273856
0.32137330772999284
0.26099674359432534
0.262447081297989
0.13222779522701786
0.41019474284603874
0.18907263265144283
0.2540345764241909
0.11852574320239083
0.2999675518284627
0.4056902037955058
0.33735904253241134
0.3483976222587527
0.41960333174419373
0.10440059637693366
0.13078429908566466
0.14615548449551574
0.22528183655289094
0.497345903541227
0.48279464141652706
0.4657154500634183
0.13304875372532796
0.2967904170308323
0.17336928177354566
0.4965807657614105
0.3004142003192818
0.4973721977798189
0.293504615259781
0.33348043901135616
0.446973677024595
0.2333730834203056
0.44636366358841373
0.3363580356676412
0.4510775371852883
0.4074575542622503
0.21444253553820913
0.1877238261477294
0.171931528698551
0.24062575533535102
0.4564568003308359
0.49187454651314544
0.4593943437034592
0.1024524104884808
0.4214881622808474
0.3672894545870129
0.30554399681954936
0.4416644270524327
0.14818449643926762
0.2906763352860207
0.32897028114606786
0.24877728561629936
0.1910672998671093
0.17625779053997911
0.38493915889464236
0.17037194972852604
0.3198562894005153
0.145199159756207
0.24923891848190777
0.1706451604385787
0.37754648163610016
0.22288593790844305
0.2665171318298464
0.4822052350579077
0.11880495185283801
0.18089387990246417
0.35287157392279533
0.22526447866655497
0.17374464482437024
0.291621412283125
0.14768819276725928
0.208599265998083
0.2209716935119845
0.2583462724422086
0.2457689338856206
0.43794735594834977
0.15429713036937232
0.3554434695827353
0.41804410272216186
0.17530871474756823
0.2858480695639734
0.36319091856148056
0.4612653700817787
0.11650670205669403
0.47293877099949067
0.4973613012396356
0.2598136163647502
0.472985051764906
0.15197734965983778
0.2621774616180219
0.385875720945122
0.17216548197509218
0.25874870111693893
0.4567018208336514
0.37691466097363213
0.4948953652088174
0.27883620813214277
0.3359627160612728
0.4833726932899425
0.38408662333370935
0.1828684212082707
0.28169058467002533
0.4230486667071339
0.25205605242737195
0.379141543237525
0.14286786694988216
0.33169361246209994
0.4370864776343134
0.21851293961910057
0.10619198196704951
0.2524290674186118
0.21462856885097234
0.1534361889397161
0.2395704140134597
0.4715281188415117
0.4855550779661957
0.29204610968050937
0.15374978865001385
0.4448073180584383
0.38632875951036216
0.2485401061837762
0.3323897856762531
0.18498402987169504
0.14777209764972496
0.3732595945240418
0.1399214380356326
0.363890635325001
0.20799261718673448
0.48668180116479376
0.30763430471628106
0.16750293275236894
0.31627069992767975
0.48073545431882814
0.22335959225487098
0.47401040131196714
0.19869411069004675
0.398064050034291
0.3820157956053266
0.3056760753230515
0.16738037581867019
0.39834355437886493
0.18363723999898154
0.25329806474824124
0.42313636708296776
0.12114339014224958
0.39114929877362026
0.35552206963377997
0.49659420604211857
0.48484612001872285
0.46341826114077356
0.18056629932291168
0.40100265806197366
0.10505853315531284
0.4211269517726547
0.48002146252624767
0.30936632155894916
0.2601323226500475
0.11577844564602997
0.2010879830074528
0.35209481920074903
0.32741286339683695
0.4245205199008163
0.2251473062717337
0.14167074968572224
0.23482417418257706
0.2921918675171032
0.415452205247012
0.10214378396154547
0.16868849239227127
0.2546737476940196
0.47106015273114943
0.20500551593084437
0.20819556115689292
0.43561680162999206
0.3334303470486977
0.10849015977942367
0.38605891944370896
0.37038515612991174
0.3831626577665037
0.4853395392551836
0.3469953296606567
0.24341411859245957
0.4944893998388915
0.1442578747711238
0.29784943141402437
0.35361777837763286
0.3988781119461252
0.2657942161143455
0.315301725915184
0.14190370964684315
0.11514265500242304
0.4535202695225986
0.38431330190116053
0.1428491447487207
0.4732393737264732
0.49304660456845906
0.1304647413622284
0.4995108666488096
0.10485782714482164
0.30832042553093203
0.3647614999010893
0.3925200435427363
0.24936277307538324
0.31432537083907885
0.13108506052980595
0.48740907351625185
0.29193298484285835
0.3298542001067002
0.3998221968781216
0.3363619931881868
0.153179424755746
0.2969348872392075
0.311235158126542
0.3970165877908649
0.21071325560570897
0.3638430531514858
0.3189050572066998
0.18982209917704404
0.4016690428090621
0.4105316048716896
0.12176918932190138
0.13119181424548787
0.17898693059576778
0.37188488852342416
0.34324857999266506
0.13602544348456713
0.2982780948138247
0.4987320435565453
0.16627798387343834
0.2740046102006607
0.2112275284181473
0.1968098417090022
0.16226825747871365
0.18746773258747865
0.41012258620087383
0.2849789172081994
0.4718524055665868
0.26564916269213984
0.23697365005805732
0.4291935446366538
0.16808957878195555
0.18980066638801577
0.2312599106450479
0.17411032377656233
0.12008191063639823
0.3294521989718902
0.36006356080379354
0.42376259301210417
0.409627461035334
0.20840863552422928
0.40228679018360036
0.4608875684636923
0.10676254425973362
0.2430380730216821
0.19030480201097683
0.1434932356056601
0.15824357805882572
0.1585025601306243
0.46270718152335577
0.4847932283230729
0.14339970774597696
0.28683551125798523
0.32953749886347994
0.16226728519675
0.2740988928069258
0.31646959743382597
0.19698760427199452
0.20997448167751817
0.3974198758844284
0.3778792141100463
0.26370465431635814
0.46428674654502555
0.11669279039725065
0.43561071473668267
0.26586519155667104
0.29210349696877813
0.4177741740364729
0.13824324641494076
0.13711876198197068
0.13570166690455387
0.2066377275923789
0.327633351742717
0.348158519110913
0.14810370296000952
0.3718913673007824
0.4795389130851133
0.3113547973143679
0.4397040876733558
0.35376003316639937
0.3885285933576267
0.4401614871493905
0.4914867842802647
0.13672215970796217
0.1988546973260426
0.2775767323266072
0.13609776350586367
0.3227313348791534
0.4264826779673775
0.4027829123698706
0.2308623059773631
0.37814584719669764
0.4036590781146925
0.2033929094058342
0.2550643322418573
0.43793082420593477
0.15761247017134639
0.3650997930824259
0.46811577901180335
0.4890272649282309
0.10971424421880545
0.10369028026029188
0.22822149164827904
0.17841672945251258
0.19867523031483483
0.4862333947287417
0.4853742735798522
0.3579821177095117
0.22584743911818267
0.33166080302099865
0.1328512421116063
0.33169115798958304
0.32878911558591595
0.468235562224525
0.37200006011266595
0.23491013183664233
0.3287992137488691
0.38281737018547335
0.17947822594281437
0.13795373685533982
0.3743190114255057
0.34123881791166677
0.2716166363292645
0.17593752192223044
0.3166704843188477
0.27291812625815
0.4287382704507289
0.26103713137685514
0.21270235312413824
0.18784777006112746
0.4328542623738467
0.486040163563046
0.26226767245434923
0.49294832502170327
0.11390269904420035
0.4450582749809112
0.3307299526747213
0.3450344523986671
0.4470744850666698
0.16691191899673863
0.13953437499314902
0.33399009595451024
0.3219098792374725
0.3011541889651349
0.41861172116929624
0.3208137822193225
0.39998623606693484
0.40626948149051045
0.19039824660358595
0.18264349346153833
0.15726256513947928
0.26045177852730705
0.40662367416874456
0.28059719653100723
0.4330140517583948
0.3861534627548219
0.4490205400497861
0.3528163692469851
0.11100542209398477
0.23902962272677183
0.4929004883981841
0.36099750360409555
0.19346166576623608
0.3374220691719495
0.48626474663461505
0.27755150880411017
0.38941010122869846
0.30340807141051274
0.24362128629083857
0.3091887343191084
0.3275141970305532
0.1944130333245107
0.47213338962227525
0.2774224391362459
0.2311711785903309
0.10691516449669623
0.48148789979888695
0.20846725879376984
0.19847416653458452
0.41801103368228965
0.4715586110340161
0.3529045378025536
0.3343110595158263
0.3728677469333269
0.2108845119731797
0.2364583663311513
0.44176539393474035
0.3853875660975389
0.29728461311773785
0.1778095976033307
0.2778462876437569
0.38618064658338236
0.2570091797349863
0.3334395470519947
0.1320498001769419
0.1981765145269416
0.40996652806126865
0.4698779818289479
0.1386646707173929
0.14234370939182683
0.1787854166791597
0.47484490322382755
0.14320157822382906
0.45623627230085406
0.20500426844631559
0.2666945438471775
0.26140269897960955
0.2008282319252903
0.1382142227941676
0.4856493263468834
0.40637361210160583
0.306913275536094
0.3892541627900906
0.3838866793919883
0.3786830320161918
0.3698172928129594
0.2698150649646176
0.31684701615336924
0.33863207848622723
0.19670996936910484
0.25495400998011497
0.4239542474073258
0.360625295503637
0.21812023611187242
0.353990634794107
0.48739292630805886
0.17957850206632223
0.24985459586904862
0.32523950205861973
0.16384047480069586
0.4790109154788188
0.1600555569499069
0.22297732196986442
0.40502336921708704
0.23717817779084258
0.4165037029819795
0.15229284680145116
0.19988431048255834
0.36578714598794226
0.3943111536152052
0.20314790586872095
0.33747077823840255
0.33625088883348164
0.414842359364858
0.17799473125291154
0.19476886987104108
0.1345862334562687
0.4777877121873748
0.2918446322198186
0.49573210970102444
0.34246078307809347
0.30591538614286196
0.14458921449078754
0.12653907786023966
0.2027297081207452
0.1574955521812303
0.21043905222083722
0.24015360452818726
0.4001119389437916
0.2673921812700589
0.39803739007641126
0.3784619751424181
0.45773739731685104
0.4862939790758102
0.48065911857576604
0.2919851004522818
0.15593775602465848
0.3000049505966075
0.1603497458984646
0.2921077032749831
0.41662527207416533
0.15884292079429324
0.2056736931119273
0.4355236401180137
0.15011819596371823
0.11428616285744204
0.20521052778185822
0.3427606550451654
0.3267687269035834
0.38757525760874856
0.31106151745339317
0.2297879852652186
0.10654201405329662
0.24316834881171842
0.35213937807142004
0.4599771868216592
0.49128510312894413
0.10445100565790405
0.19181421967403792
0.2809146761450425
0.1803529258054884
0.1884642911718721
0.17810515771432658
0.4289373448293202
0.41729002287883254
0.16734400472559124
0.18484103452761713
0.3154843453800331
0.48991420673536
0.21145319872345347
0.2589822749351386
0.2481696059289179
0.4939409614448028
0.4827457082696176
0.4559252191122173
0.20032317441689595
0.2574760711872869
0.4256909801970953
0.1270401063467336
0.45545874131787
0.45538211374721793
0.26427865778006554
0.16251222695927314
0.37160401271546895
0.40746286971274637
0.4071142165863849
0.3478707444541509
0.4085141238454456
0.3398322219567054
0.2657474614461571
0.23149271716438796
0.10953714591759921
0.2937409245851304
0.14840111788530136
0.1520857251178896
0.42374453205017304
0.1607354009017788
0.36757419011508763
0.29993155629548174
0.4637167468420397
0.1002401665823328
0.31173343786262697
0.31362621639411326
0.28073105666568454
0.2512717893245381
0.17792966479545905
0.3131491470062261
0.2835003400291649
0.31152989990594737
0.47097651210206426
0.19490575726630183
0.13253373798209875
0.36428733448769524
0.23400045774249137
0.2562610776262205
0.30283262211264506
0.11906519450482259
0.1561383488324915
0.352027287594885
0.13108137477475845
0.3663166632227034
0.2336748971524803
0.18264778848454985
0.37001556172299954
0.402456609126446
0.2799076709418392
0.19336666376396702
0.4567879751595535
0.14823651527284354
0.37831251382026077
0.4207663245252149
0.14712039231859542
0.3985578457419905
0.3761394238098411
0.1054933878303047
0.2836060749037086
0.38139173129789694
0.4101788077220895
0.3611080081304482
0.4921935130504471
0.10246949544723916
0.25254340007215015
0.3887718583807266
0.19848651040483625
0.377412408992869
0.24115145409551758
0.4571460014724513
0.3089858375466119
0.19316451587697056
0.41359805545036954
0.2957554148040112
0.2450341977906383
0.4804083284731948
0.486283577860975
0.31650859514264496
0.12336784667102343
0.11369469945141089
0.3054349801401435
0.3175290510734885
0.301982662843177
0.21311089158046712
0.23814382014227342
0.47729726490196767
0.46775822572842385
0.35711755426750547
0.39175930749809795
0.2702640877599314
0.4910092907864366
0.26694463659248435
0.10177451811029165
0.22528953030979576
0.1320496424980048
0.2580148854166884
0.34911715561484846
0.10190725536732281
0.3214510050818912
0.2262401625820108
0.3326515110244035
0.26089710343117056
0.3532342464961402
0.38683288685151274
0.21322251398062475
0.22656859376912164
0.331669261734417
0.2718419834272759
0.22389559225230557
0.26675556691364555
0.23326052623446475
0.41633519599131463
0.470376648842732
0.18387821963139883
0.3938429481429294
0.11756731077891987
0.3151527295990303
0.4970311005681787
0.46185477314178003
0.37128858306157275
0.14409570596274027
0.27435655542288695
0.16186518758161075
0.3545848082625097
0.35329338798611376
0.3414572976560023
0.37922172096837625
0.4109202060040835
0.29515294327687935
0.4426478602958924
0.4461554826960398
0.2697213612745355
0.30578547491688585
0.46782388945439524
0.19030803615566763
0.46562641863193477
0.15071310741062005
0.4595553581991676
0.11258029306004746
0.36377283153802087
0.3132126473037773
0.10230613756027447
0.12751592760684638
0.4292692714375803
0.26084390871262364
0.3182045429609355
0.3190405145752814
0.20678241482465795
0.24495681360287969
0.11078577367491049
0.2816499959769639
0.30268655856058735
0.31044658682235937
0.26433224557335044
0.44168298579480436
0.31695453705774923
0.4252519346732345
0.30974709571955034
0.3375847068577126
0.28777566801792864
0.4623726179884262
0.47553313658127216
0.46228958642106177
0.3449390850684786
0.45748402613455896
0.3152112112719415
0.1326528048649024
0.363076624878109
0.23277681695466504
0.16571024691495723
0.30106203404825005
0.14389146440575146
0.40947529062581145
0.24552067127007168
0.11444026234784964
0.23248361388627328
0.32589884698210436
0.18612476230885427
0.22529041004899183
0.30211381907031193
0.26452452877722077
0.12130350705643843
0.2711300389098944
0.34322643773450967
0.11116658143423451
0.4875072211525743
0.4213278433839803
0.29224176034999316
0.204135067508316
0.3275630436652679
0.24705142222224255
0.3162030527742681
0.34354865946977076
0.30428832956753604
0.1196856761143787
0.264700359848017
0.2923054491566436
0.29415144974911056
0.21327002268996315
0.35821603812568437
0.20937305530091777
0.1406249100063188
0.47376922603905347
0.3733952254291165
0.49840268309262703
0.2624124577227439
0.20098055497305492
0.14283386342092885
0.4180203334589073
0.1742313183430173
0.3603609163650482
0.38040395890031875
0.1041329261922976
0.3380389530441683
0.2852948228472927
0.10706359476208083
0.275897055288873
0.3577792395667696
0.14548440970089885
0.40104712083221605
0.22839544241897927
0.25646734232749113
0.4133877358807233
0.47723197609196233
0.21606081960906143
0.47875429889504295
0.3837378141489296
0.2082130699450144
0.20983343112308375
0.3213201803831811
0.28184538775040396
0.4735902583585091
0.10171366385406642
0.2315377641400468
0.4677873159074295
0.18250848118717272
0.45365680679449893
0.12766387961265752
0.11425811136165054
0.4312091302928882
0.12279350824596423
0.22325129312909964
0.42866634043756424
0.3249945579199161
0.3202997767486674
0.118939533712846
0.4037608525668962
0.1852343415534332
0.22605522302793465
0.3203661906651233
0.39574945844926823
0.15078294497263292
0.266020753860526
0.4143233304788111
0.10472453558460933
0.429418029681054
0.4033928496497221
0.34668121355693804
0.14345713696219817
0.3724920169795294
