5010.031915428036
5357.562816603712
5993.234290129524
5328.428810942687
5973.748482030998
5722.162371374577
5752.606366210441
5414.991924056743
5678.078553421244
5037.364554980934
5685.280315843934
5977.5377623347995
5839.129945200398
5433.22466765273
5922.739158761381
5473.360775314199
5271.115541288332
5214.46749352947
5666.260902762728
5239.561522563511
5138.641623231787
5598.206639224787
5485.4230680314
5956.629560127009
5228.716090440509
5756.1879452787525
5969.769437352447
5811.363440080894
5384.326265453616
5542.410870178919
5709.056908386482
5118.56268873272
5714.82794477284
5089.805585756723
5662.106822969971
5212.328294579574
5782.681422762149
5478.972135161379
5244.4519847201545
5154.860416437139
5733.295996199311
5396.748131726327
5286.878291787556
5119.62017014702
5413.9834988124485
5094.255335435073
5803.532184599373
5271.672515313869
5156.120844780838
5125.922494664818
5850.816052495078
5081.204771578647
5949.083920507777
5255.335273189443
5643.591620056919
5050.966458888076
5120.137127766235
5532.16863070992
5168.797299900169
5056.674551241646
5474.63104578379
5629.349390185318
5216.1882939791685
5057.183664812536
5479.995474386377
5930.1476188479555
5766.66329397599
5294.552465294721
5909.6703057331315
5889.939833304188
5374.141696580777
5350.565334955392
5030.650260775531
5632.168848871256
5942.995128966977
5231.653646066334
5513.106985121235
5803.312897649484
5258.729934107532
5900.148150231376
5985.325772841809
5249.039352094407
5725.598184771698
5546.857361871629
5007.187542870808
5079.704138761914
5156.952213369841
5422.519536117897
5516.167563418257
5118.206698173231
5246.376033382615
5840.34510137336
5899.036499406708
5513.628838503848
5150.082633628776
5194.3987807832955
5556.371407970763
5877.61286499805
5729.097175721927
5140.302363379464
5005.021742788264
5646.468364398399
5864.341893417215
5629.454879025096
5161.165528216316
5107.17737674859
5344.454446232214
5640.03321409814
5974.361220146912
5750.5922487842745
5328.214631949316
5698.422066829726
5094.518007350579
5631.869112111192
5404.759163874358
5869.986668790203
5258.389939705886
5513.241838386477
5422.154957915614
5275.391643953073
5120.084782778504
5653.523534347502
5726.331854927078
5688.105123882747
5962.8182976805465
5885.944492556775
5624.438719471231
5821.13670874442
5023.195910353522
5418.669476075118
5720.822108964232
5646.718788345038
5779.871104173394
5767.221266232014
5174.231465262955
5453.517642979646
5863.171608149366
5145.163658950447
5874.635378141362
5667.935159735241
5917.902630818425
5868.25900691894
5025.00154860986
5242.845011792021
5268.385434725665
5621.801144836772
5772.234157801922
5095.3141808459
5650.540598425356
5451.399828364856
5922.13101317089
5612.674169502189
5640.557121271318
5163.052086926434
5460.0051003036015
5414.598919118237
5304.70588548106
5731.133207586104
5992.5548898693105
5511.399390899363
5848.080841560262
5047.124381789825
5203.488389561336
5380.591934950139
5585.032362804235
5277.273126451688
5184.293663299745
5069.241215022203
5627.109970203328
5855.951347243698
5323.516414147554
5048.87481327681
5860.39033580071
5001.2690830472575
5155.178869256902
5335.916693315197
5498.071638807775
5286.731390574147
5300.491098475784
5118.697445360714
5265.298733379391
5627.770256900388
5283.928180119137
5113.280573806843
5495.395717941619
5791.545173833562
5165.069849716105
5125.740228103297
5967.608016111417
5547.097443568841
5556.435922062052
5444.003723884167
5539.4226880553515
5359.9466754480145
5382.016292494627
5568.952019049834
5903.693516927199
5507.561372267672
5095.331850893204
5210.251782166934
5193.659990255027
5364.53474812602
5789.443751998626
5240.265459791016
5090.611503539761
5653.3665491044485
5447.783268651007
5188.402995470175
5621.694618743359
5113.669585804191
5678.908493936645
5574.332210078891
5210.783024764189
5955.4899557804265
5554.038292953242
5786.708807087922
5690.925147661749
5076.319632984256
5146.093626397604
5604.6800633459525
5144.188322686877
5046.727267636351
5075.564154306347
5545.335345975895
5792.453438362013
5123.543999808631
5685.761225778092
5519.176717097079
5741.388788088867
5255.726144654089
5874.883658638937
5207.32606907321
5370.377320730033
5940.657690363882
5456.859674782234
5440.7373067975
5655.270397300592
5897.129603782502
5325.3030687895625
5710.204803052401
5954.790265231359
5639.017799590678
5501.841083960511
5299.632429687306
5349.087650359448
5034.132671652226
5800.151113199804
5250.896115014401
5253.903525318206
5530.270100518744
5004.679214713747
5400.192443096748
5660.070231395711
5216.632812308085
5584.980253675231
5992.351587297114
5452.152275713126
5169.496295259498
5599.384731986076
5966.03442870522
5861.41499536463
5700.4600205825645
5385.770863945133
5218.260079942703
5620.190208396772
5278.805626100032
5833.6267654818785
5119.6071610788085
5909.57836622279
5962.750813519514
5942.81616592494
5511.616079390035
5482.090037998321
5347.499757731214
5600.603781964405
5129.347965156106
5560.73681707967
5793.500702423434
5113.663492284327
5966.889077215403
5064.548443324888
5409.233393063153
5502.110629482206
5897.124986228425
5181.484024588058
5393.004654001584
5583.310729607355
5568.246410844646
5620.529053681732
5194.896401271187
5093.9343214916025
5010.486465660564
5631.758163903548
5220.690548731484
5061.360426553172
5955.664708615963
5415.278414031761
5331.011982546284
5107.125772128121
5724.07483317601
5446.011640774888
5023.242654878363
5099.941625015956
5945.252161577384
5136.773378413809
5876.017706686905
5953.759781460097
5212.09393636052
5934.822304720147
5256.136263979938
5037.288385918961
5122.256495681529
5154.463097623098
5038.758724790796
5065.627943702223
5298.980155366998
5393.310945364978
5902.413208909671
5057.503405931783
5550.6913023717725
5425.914520140273
5878.056419213275
5789.661632507018
5483.402057964089
5212.980395367577
5836.374454693785
5125.405601088484
5907.391547499823
5495.267446546208
5045.651897386845
5246.766992527133
5646.063439884754
5454.127448738038
5705.408699910956
5487.689158874734
5573.398600331267
5819.768818432697
5282.223849069669
5737.232224040963
5081.842900620747
5695.647967513283
5504.1864514038125
5606.640448614114
5218.881711983846
5238.485374141683
5129.906960699829
5651.798492388783
5585.108222358751
5419.242254974457
5958.010583480677
5199.282564833579
5033.425274895377
5435.045983105119
5599.056865619695
5308.22455525063
5322.534269138594
5602.712320687484
5687.826926763677
5489.589015548573
5092.568608616356
5626.104206392791
5367.73394140691
5878.497707735831
5155.958219695647
5568.755855187915
5086.249038625011
5916.989092765357
5807.404322582935
5330.859651502536
5907.082854457917
5656.495673799801
5395.982182770338
5366.527881719989
5749.166530928007
5194.355230273925
5220.449943731012
5350.425368312175
5518.749686197261
5885.874996689043
5350.325643563831
5925.565305552333
5840.8275187428235
5874.792183723171
5642.485067393215
5363.371123725454
5822.381392168262
5337.227082251415
5605.468798681071
5540.250649311908
5026.538104946178
5727.961858965113
5874.156043701325
5918.322444735633
5840.145271614692
5482.892476339915
5719.422473359356
5217.395761741084
5793.917286046579
5124.1942511170355
5769.444821589053
5610.106663734275
5317.937012269412
5878.599273227803
5676.902693170941
5661.5150912021245
5689.342463070674
5122.311393774461
5429.06945697083
5680.439414020607
5554.040910183
5302.365878544571
5066.561708335463
5830.45151728386
5531.931128165914
5385.893734674802
5914.684128617956
5048.797721694406
5646.287204515327
5226.675343012887
5226.4868725181705
5309.547131043299
5878.342249360744
5130.396123753835
5215.857298770589
5059.990280906163
5315.089612103717
5421.246298208215
5137.94604258984
5123.7062200431155
5009.903561882686
5812.562701856418
5075.975703674316
5724.8223753645825
5034.11571106292
5425.222617228768
5959.9416821831055
5495.546179820787
5946.6208282763355
5103.38157296189
5081.023326780536
5069.545142825437
5269.358821449287
5410.3851009640175
5128.378871656098
5943.92453379668
5895.03398960229
5533.2324279225695
5660.607690930775
5332.964458520408
5782.508089524342
5539.665786039401
5744.8228090364555
5166.040856536166
5426.50087288202
5605.569558246565
5401.642175207548
5909.464946459559
5080.687988879229
5867.054371795541
5143.981080756664
5230.627750362276
5207.971164351826
5508.561172537796
5247.143349708598
5096.118129550697
5422.320472176673
5111.715016448756
5981.5250395452495
5475.73646110332
5338.084538979066
5113.117239426837
5112.905793620523
5304.0922551387375
5777.77945538995
5613.569892555618
5066.957332257115
5040.366514375158
5663.009287274177
5052.84196023263
5029.925544775458
5136.800766787904
5182.87885425696
5104.434420666856
5669.84041331619
5638.898128074797
5359.590272183151
5912.56908693299
5351.822689096004
5783.357595811056
5159.774084349961
5157.030615423907
5935.990450825465
5945.271689065338
5778.054490525207
5373.679832670962
5953.189101781857
5280.389291240159
5702.845985484009
5206.491842103885
5594.649459456446
5234.376869979729
5284.399143077237
5784.52103870705
5561.717746048129
5099.654653929152
5712.599421723422
5827.89679120706
5606.705647083512
5904.030775459161
5994.046430346252
5044.737346246407
5361.383903605139
5569.990206031676
5376.194713513579
5396.243792801098
5823.940923810768
5331.088519437997
5621.100672365091
5267.406433391669
5014.951761425904
5668.775868136728
5032.354683558071
5343.568915384798
5230.128332863627
5286.023482027326
5314.655384099113
5338.189434002618
5526.232209307596
5700.8104959671
5584.649102205479
5441.582419884658
5645.618219965076
5560.410734569673
5149.745086466069
5214.393696567673
5436.948524881886
5781.339210454338
5207.4757988086985
5550.671187906522
5515.762633645903
5554.779441288797
5892.348020250248
5448.496236341121
5075.563556530915
5295.050016591622
5524.563309449513
5505.10917446023
5545.140500060614
5069.081066578661
5935.016122967121
5188.542868871884
5799.539086608207
5737.1102900858195
5231.255478747569
5261.71867406788
5632.076126774134
5628.29781307725
5714.352487221313
5787.621155174082
5708.362992865433
5004.761956540551
5974.239059522717
5678.656490333234
5743.2006451326415
5561.195566521804
5202.035016260523
5934.427874667637
5350.920023766443
5862.400474315379
5415.91856703617
5010.392489455208
5000.516162668693
5909.8446898288
5438.361426060757
5118.18593009366
5503.013245551843
5978.8733398921395
5234.142519780604
5414.047823079106
5440.96305868568
5277.393885317248
5379.848173806361
5950.682884582169
5483.44579429526
5339.154933476012
5977.964151231066
5846.757971668033
5388.598455771679
5671.432775163218
5386.872321034568
5190.180832744959
5457.308137386017
5863.863714290436
5189.3907082702035
5430.566397104985
5882.671335894232
5824.677508364149
5702.7129768491095
5317.863258707696
5994.057664222226
5595.9185781334545
5418.75488118709
5389.198672137194
5837.279131194174
5949.6188134686045
5497.437078181863
5245.660666609031
5633.572813602187
5211.696289354156
5000.737356070961
5834.785075968036
5648.8028655649905
5215.7151967013115
5771.398947924829
5032.465437281129
5116.838125814742
5698.071961521149
5219.8430432543655
5700.016875261576
5993.352868327856
5596.667517218927
5366.847805489085
5079.083112650583
5990.630821310982
5652.220922517539
5831.786665298462
5010.040057841242
5991.128350740866
5863.8421808551375
5925.554624524227
5138.3732472274905
5451.059712935828
5652.190113960147
5017.33219552933
5756.01221832848
5853.168518041865
5535.317865802177
5442.573852249458
5104.574724851932
5417.432880448921
5668.850008324644
5135.876042920807
5327.725356587076
5852.408870019109
5325.731073563848
5887.278732489978
5708.667786095756
