899.301476066988
971.2750859801573
921.2326244059441
503.373456430647
833.415303768761
833.753774679415
537.411950920546
809.9346153049197
887.8940501601818
829.1072889933873
833.6480297809969
573.8811386710606
841.4736015554304
593.9504111697872
737.950305384797
827.5308327981791
606.4035605308873
620.96901179721
613.2493775159056
952.5877366465353
998.964270030797
769.2331311337123
625.2059324079996
684.1128592717598
705.316405908711
653.5343184581891
922.7565667392458
902.3345397424127
843.795517823208
835.57174817701
978.6366008214974
624.6716044064614
611.425213208536
898.2439697778834
934.259308002779
919.028566786296
956.8884896593693
601.5529197078567
570.7426357616273
748.1438349219407
671.8502266268413
845.4744602056842
760.6496081173868
810.4479697909761
806.7518055319125
634.8261086815428
724.0937799829094
620.4935393147608
680.7003976474884
778.7120961314322
662.9074775832098
602.4041152152894
898.319062886015
768.7700544823108
511.63961237704166
550.0226142328996
846.9394806127759
746.6610031912248
947.0799989663162
827.8417763647076
977.5962612929176
927.2377425092806
693.3735489158635
556.4536837530225
735.4725922155147
766.6734042157443
795.0373957233771
848.6154937726953
643.9826351812352
816.4064050455984
915.3089519105602
913.8827970040911
920.7450625395373
905.845243055606
624.0769056744357
756.1900349059714
624.435942466718
868.5457213844509
673.8534751794248
894.5987075739713
985.0354783230772
557.2564930436538
570.3500902549791
564.7246021444962
979.0629298612247
571.9645015173459
665.3116999016762
928.7393591208794
623.6031015077072
551.4777327372452
657.8426045173209
931.3670508660263
946.5600083685679
945.6990700369522
673.233511662813
590.2527282231731
986.3560757572237
665.4743392330786
764.9917528421188
641.4880271208067
963.3201321517029
661.6972851821201
902.9962621623309
840.6171231684448
818.9193262057008
830.3647844458675
743.503896812593
735.78532772021
506.1796713879334
723.9039147995002
932.1492269214041
773.1328171969408
630.2103454205399
866.8044782904186
987.5936430654966
584.0218292275389
917.1118265182567
680.2391525613771
982.868201656373
644.9397810832193
908.6988728086075
535.1717979860205
837.8886976523788
694.8227106205088
735.765089128692
898.2048055024192
634.1137459557807
916.167871396945
868.5925177764634
546.6667777021538
600.865687539389
733.6007143420438
990.8425064988958
856.4125289916243
730.9930063509255
808.6774826832138
731.8172055160218
722.5729325430178
647.7938089952422
664.1033465664053
659.4410008307002
944.7431866791022
967.0439897279402
654.5719939627835
569.2916723672557
769.4791046247049
953.6370696630039
622.4235633141957
636.7072019127336
926.2850887528566
957.6242584635921
500.7179749985328
734.7454827595312
939.7633728981936
519.0178879580988
571.8396474110008
973.8294035918459
882.7594577875097
847.7994207590125
611.0265529044966
828.4445077342991
738.4147740431998
883.8020955309498
591.1483728866893
597.6808287130335
730.8548550799278
922.0670205179822
774.4789334194602
988.7040912419785
882.3489748899872
839.6510627276789
767.1655015642339
899.3160241389378
720.5885424089767
786.1232713111831
676.8202278730763
600.2146863644463
928.8547285807953
815.9603536638033
591.0914831360527
628.607560136593
702.2177866785219
978.2027998768151
723.4997149310169
879.6314551772734
926.0487749753859
561.6116239388093
556.0770202840881
845.4230616621808
932.8741267579633
818.0201832729781
975.0824436543951
536.1203841367612
900.4536565769064
921.7354737509149
867.2049358684768
729.231377642502
634.0097377092578
773.3257924717334
726.1137235493544
921.8397802232159
591.1675615861388
547.841905250497
793.4395534819396
680.3994745728871
949.7001808149953
953.1314262978537
539.8007430196412
572.6915226044277
914.1772695746162
996.6605860096669
508.73667647290966
837.7039094602718
761.6015252069491
578.8791377801124
730.0842499866653
690.036715974334
753.2933914183859
948.648295969653
663.0115509510777
891.3668920261937
733.8501237314983
910.2141022647633
650.3348162893841
560.4439990670465
642.7087334191984
803.0891663197806
758.5673421636376
731.530864444618
817.2014008397082
817.8846427078763
891.4894043631396
598.9617265458294
788.1061779334302
697.742952562125
762.9375130810854
768.2401343305628
830.4243875564136
770.1586563478279
798.8981323601034
691.5385999416053
725.6842989528504
690.5992990447967
764.1300315600143
959.7353274812513
633.8234375525576
534.4914994370754
646.2474347638919
871.986792037027
606.4342491675025
979.8048447427016
729.952428813344
699.9013667436546
755.9500237042229
872.7923347936137
863.870815462557
961.6959026349339
737.2656908880601
574.9740101830697
850.6830565091991
681.22808741453
787.5279556227142
714.8551717414055
504.1081589688912
549.9217952398092
604.7334152591692
779.5103530162847
567.8791983470298
531.0010863898221
791.9995759423873
819.5536903896862
635.041909329196
902.6159881409008
920.1205054802842
514.4378161573277
919.3296151009893
696.3969715890249
577.211135483994
794.1065187034364
964.3330679665762
687.5127205720078
929.6901209794189
905.2673873809409
985.8339203994949
541.7339363243394
822.0758088115608
769.3420976308444
702.2610191890146
601.5370365580976
884.0431278064684
721.8788822578786
666.0371614032738
967.8657789321321
840.4221039940992
514.0259713608358
673.8155880319896
960.8358420769542
563.0596444606108
894.9556231318825
638.8999739955825
546.2051157953961
843.6087723033268
661.5989077072359
718.8043184677024
526.9217732740805
502.3773835992603
784.3318571359681
835.5937009272888
996.1381488857623
539.713959237097
607.3214110652266
880.351069970224
953.172964520907
634.569242271049
821.5069719291396
633.8359839611021
691.1068194358483
551.9511477052716
877.4945962253248
744.5575200977624
834.2683203797703
990.4147605062533
847.8632543065585
654.7068435087232
717.4765866286712
527.3686536542888
901.8005339739202
937.480507380925
602.7425838667685
613.5391398572535
680.12039706311
602.617469780029
972.6288398482727
984.355029800796
703.0692552099874
680.2151402599102
937.3898230173397
995.2694635411929
602.8978634303633
886.7680567194604
625.5250651871991
851.4268831735126
919.7185141302855
773.9386733177439
911.7768969029455
768.2353131918209
537.1768729550342
512.7010076566625
586.3961556034068
697.3927214118798
579.4236615530364
722.8731871811883
951.5898222128783
946.3507376810901
549.1503450296309
941.1210525771648
691.6306410816437
926.3425558885292
709.0501827272246
512.0345948458145
959.1958894453275
664.340004110654
886.2928394562932
854.8356725977715
794.4082578419986
633.554863010004
876.8412804584123
823.5579846536266
712.8256296641234
610.6195137766299
740.5084078648684
908.1320615395593
770.3168771317685
861.7178556586526
789.0427437104499
611.3589401568396
827.1649203806983
943.8905945069434
842.9692274691121
640.2400488441217
601.1491522428055
785.2977922011008
874.2525174952547
579.8358375531709
666.0601316922703
797.7293900913643
572.4081252489859
735.688585061205
563.7940456673487
871.2679580484921
796.6710807919812
972.1527701948212
919.4855773290867
587.1586942229353
806.0747475010196
612.2923120680124
519.7594233790167
505.2410049077175
878.0586495735513
873.9791574804212
852.2203662843401
803.3288366941165
859.350068521333
624.7858632405994
538.4645795970742
817.7860531875623
503.97182170932564
840.9021806144294
775.3906681972796
991.8255461057004
558.9716606212576
767.1242904888358
791.1139010643934
519.5926129362539
853.3998327418125
941.3876870279726
796.4641296456541
898.9137695328599
991.0398832252583
852.0748524914699
593.2637724979891
761.5913816055097
943.2253199665943
932.9792066133928
963.6086175567686
969.2821309640872
602.8728562407504
525.9502305959646
811.5529466369602
996.8960082510127
985.0370121474789
784.6433129519721
940.1222206486302
646.7800708179284
581.8837280171455
551.638030201477
866.5198623548558
585.31089821651
513.3090792740976
806.1008309001828
737.7744171142473
704.5909117596773
651.9547172531375
892.0633614288889
649.068328809749
963.8692405306633
843.7776649422865
692.598135968476
998.341761090594
545.5751831394377
840.9980620691547
829.0918305799762
958.4883530546213
709.542227937152
730.4723277024721
688.5080138859911
668.4868952105937
677.3603985569766
529.4874063776845
552.964682362535
926.8759233311389
866.3452543080316
676.7075295708989
657.1932959485057
939.889902171818
631.4902435728939
508.29827149642597
968.267006516857
688.0871603508667
962.7215646145144
670.6777168415488
988.0763630334349
954.189383590955
805.5994066864931
982.6006883439774
992.8019614857512
651.5492814778811
899.4940743786399
523.6147350221993
745.1569358506633
727.0711611319869
501.7607381356472
963.033558762265
555.3583967051895
777.807985726316
699.4215486463238
518.8220482437881
961.6054004973547
965.1174437076434
637.9924188128937
783.7192550801713
862.6256391209106
529.8723540809812
802.6732856033524
833.165328345621
567.5277439710966
706.8774437420976
564.3383337938541
606.5412285554663
968.3465968608698
862.2866510148708
839.2682765727948
544.8221631288994
965.3551372927539
589.6269733261646
642.9917510435536
604.4408241222432
968.7486471391034
595.7446164389621
583.4365651104127
941.6145004113662
940.7231231760941
743.1378459229228
541.5299147959576
651.371174994256
563.6014998653282
639.5390970845148
743.0036827946295
723.715759117229
984.7267099364174
553.5521507738843
814.1994555644317
584.1389285674818
609.9958949917177
746.7882219564347
556.0756684406224
539.7550048355077
671.7481788480637
657.0097623925575
948.5222438510308
642.9447894612043
530.4293257241675
693.9576007021037
759.7871752612041
856.9029545015103
796.7903547119117
944.2293661758142
839.3172049725899
766.9783863559476
999.1501203632671
575.9076680749198
705.1026108182314
972.8368306550665
985.7651870213089
995.2498826257381
793.1307420793729
740.9306438957926
500.84789407423256
689.3174251542666
739.5800860117921
974.0333367290796
648.3572118062197
941.7139389372776
858.3218609343982
788.0225359583633
800.8728770116356
781.1832343237264
588.7687605119456
772.0865101377458
541.6336055722466
647.0285647255909
523.0685935904944
979.3955558113955
596.8775161492244
801.2011751166951
908.3009888317215
958.4960700445181
971.5276584443882
912.1900068420016
944.4319428988141
833.7247235222662
748.0834371533261
996.5638609620189
932.375005751366
624.2223931729383
971.054513134532
931.8582463269073
724.9442284205943
664.06440016477
525.9356038348127
593.4348040167798
508.70464223550107
888.4516463676555
937.3080382128555
972.7475281759555
679.4098436624479
520.6615783288648
774.6373381596838
589.1920219631087
769.2848062686518
683.5617104772336
844.5599197986205
981.6101561176191
525.7916297837959
739.8593689921952
975.1017559465822
655.7025776782181
975.0153928675525
605.5928578983567
843.2090831869052
766.3675549243728
904.9040491036678
972.543976255467
891.3334855430768
693.3833512092601
968.3904062755215
658.5857529443942
909.9560688781537
572.2082312513529
935.2199157455816
972.1319974813152
739.0153593650059
899.9431615036485
646.7488100121541
738.5307924605788
736.7047375978908
517.7857635653575
895.8289509315207
710.9257560547359
719.6702136992166
581.229666287991
823.7911849096552
803.6111072571176
563.5850641333282
618.9779625223288
944.9442587253709
992.7778026605602
759.9470638225937
885.2907667709235
697.1389978572784
563.6861179677559
522.0387097987156
852.9403823737866
507.7775677017559
960.599460587661
590.9759811697185
915.8270501680913
708.5863741646338
672.5365894086497
615.0964402669072
602.7486364790058
681.4128468613749
608.990706044758
788.0180777193939
810.3966837341363
871.5338222573348
691.3781745448941
