0.15332024238326714
0.19358316993170713
0.4550695035094463
0.10530653785171432
0.27768019743957867
0.19154531284017395
0.18860810227853034
0.4408106894067436
0.4287797312066939
0.45035594524104794
0.37107432593635814
0.27417373182897353
0.24717910998544546
0.2928468994962191
0.3801833461648455
0.4587595490190962
0.32486239671715056
0.25648878690973487
0.45684689843884896
0.4794680267130883
0.10812367625211956
0.10821899179189357
0.200277928997864
0.1861580508288408
0.4436773775984769
0.18931244441421607
0.4915506520025368
0.3204686867178184
0.2581755869447995
0.424579774000024
0.22292095923641375
0.43507860723387026
0.40810377110233764
0.1753005375379357
0.42904053014178267
0.11014641005696246
0.20005042598527104
0.41547861514950213
0.13340230025508842
0.423967042534951
0.37037935301516245
0.15812965925769681
0.33800654094037413
0.4629086214436249
0.30255567951028756
0.15027179556135045
0.22004122643290824
0.4398909362654009
0.30798160189522195
0.32683572968274316
0.13929348936191938
0.37803637590785466
0.1750159381915773
0.2639489661102892
0.1090064319818716
0.2274487375919932
0.11987686288785877
0.15395427063793604
0.20443964305337842
0.4599394130745157
0.21804138990606062
0.4896921581528032
0.3553148737267582
0.16694166564321425
0.24707294831519766
0.2944868777548646
0.15676823083989905
0.3643034735202235
0.20256000474012936
0.20866444311566942
0.1253655029424106
0.25387115106850733
0.14597642357534998
0.3704550449914269
0.3328649572954724
0.2614151143006738
0.45691316291186335
0.28063446632882033
0.42421577322577086
0.23606125053860977
0.4884862084316721
0.46436380333814
0.49581566629452434
0.40772208561027634
0.12246976400098752
0.17054860833276222
0.3869049594765205
0.21018641879176375
0.4236328459914117
0.1602024396738394
0.4935613085979239
0.13734732253380322
0.42444450981392656
0.29143717547041337
0.1021343826508756
0.21539215679836193
0.10029081460367073
0.26632536929668715
0.2190001951383101
0.44685013861168643
0.3913432477720017
0.29716463642973456
0.4968091634930797
0.4046283515913819
0.11869284195424079
0.29291835015732276
0.4984053343097512
0.16136966864705535
0.28243557965516997
0.4526016173558074
0.4414381843563602
0.14219038912856496
0.37865134782356114
0.45608138067725257
0.284189532966161
0.20209587492890346
0.1782483060278461
0.4419981931839132
0.4056870131174871
0.22224643931392568
0.33007889604283436
0.4632947247109954
0.13376745641209997
0.34889514870788496
0.4558364794537769
0.21464197064891322
0.4373535287860133
0.10236826444092553
0.11479596047919571
0.402783653390569
0.15128092570986298
0.260135214147552
0.3357594871318714
0.254141951092516
0.23124361227911594
0.3123909720930761
0.4899015697778948
0.2274946801772627
0.1985369586988054
0.10961130472069108
0.13123872696295857
0.48104661556192774
0.41552278975911305
0.4931411707135879
0.2666549032458688
0.1668985893270845
0.42792366663604486
0.13969115754007105
0.13050432600986422
0.3808362274955297
0.2545369323150173
0.18175803883804034
0.12968477644451168
0.365161585662807
0.3465805953013224
0.4342869499878288
0.10579667134562754
0.4915498596692893
0.3152935622438854
0.2898744174849046
0.232610842412931
0.16909767004831094
0.495727805955834
0.32764187328955885
0.42467337125426574
0.4541196273872343
0.3935394704268774
0.41329324003527945
0.3082075633813892
0.27619242536715305
0.19546995011111423
0.1799292317737126
0.385013641940522
0.33415942734616
0.3284775005293825
0.15640102514887755
0.20649729066791742
0.4324869109640552
0.24810822051747425
0.4892721465670229
0.366966942968056
0.4521483310534061
0.47922581430840827
0.21789060187340317
0.2072100203382271
0.40340619898496943
0.18458295742833722
0.43009841539384575
0.32849356732571144
0.44384312663444847
0.2584109396982773
0.45625307356463407
0.32108864199575904
0.18699736922883148
0.417439347171109
0.4480493422538292
0.4543313678044528
0.34070286200172417
0.3470525750188241
0.16460384383049478
0.1462896618697596
0.2362643357391726
0.2289502431585682
0.4877102309404273
0.3527731763922354
0.2512500084932846
0.47375458112180346
0.4394563849357306
0.11423421487386909
0.4557534903160967
0.30653286420656367
0.4736197420918171
0.29758841761975285
0.28306271417836293
0.37809587264851807
0.33579778301356955
0.22693037061175914
0.24656804313909775
0.26362326885615384
0.14886538454782974
0.42168304558128655
0.2747290124366398
0.33088387952900444
0.2620952882640776
0.19203455841245543
0.46859076676392986
0.20520702613006378
0.39369216935813756
0.3013349421602521
0.36682564270229934
0.3594596823393401
0.3114728261634895
0.32931887875645804
0.4843424725360106
0.3610254861316341
0.1391196806933874
0.44997066765269744
0.3663521174089196
0.2974955993152314
0.21416579234654443
0.39112754484717527
0.32095866833550357
0.40801673847045616
0.433453931007699
0.44076601110687796
0.21997966719204892
0.3879187195189874
0.1128022428584111
0.29413360608165684
0.1431551459409399
0.33707423017652305
0.23527658380223984
0.10297386670145472
0.20195438292127485
0.17988764108086533
0.20785235524408102
0.3521147544682467
0.13370861670061834
0.3248661518097895
0.3537408567853634
0.3349892278814457
0.43008582416503327
0.4719436046365003
0.19380152193580358
0.21243922936216042
0.29794322186653177
0.49555711234404143
0.10875772299425722
0.38186449174326687
0.45559982151633327
0.41017625849565276
0.4062938249502501
0.48431829261941894
0.31161723610098635
0.3038192877266138
0.4434502985243286
0.4685004450806992
0.2421216581021608
0.3641517125217264
0.16023274860804385
0.3690443340024503
0.18254247240079083
0.44062599487057785
0.1195033503649809
0.4285636313350504
0.4510841164763416
0.43799446123429886
0.3348424080545468
0.203801603178293
0.44360436343114173
0.4452478492515749
0.3703628306054546
0.3735838038169168
0.4010176821880198
0.3619554173882019
0.25517026686635613
0.4193251866708195
0.12187193048632566
0.4960374676261884
0.24465307893753688
0.15486751357804762
0.10214643093870862
0.35229626300604355
0.31461808420833665
0.24669135966820002
0.4961406169868732
0.10143646478795719
0.22909845662556588
0.11811658992012233
0.4909303688322725
0.3713368614345871
0.418702788062673
0.23023825497979278
0.41007307903341517
0.13447966317096022
0.4475646195260926
0.4769767135346771
0.17010661694202123
0.14425444018371564
0.2735189855358081
0.3468814955530826
0.23457259232979372
0.3159386487005911
0.2530288758895928
0.2953683656897754
0.10928946764562175
0.1872524920977422
0.17094130140895772
0.49493291551448626
0.4331225600968239
0.19372135144426444
0.11896201037254439
0.295029946134479
0.28316304220791344
0.17997645331283985
0.2687647393537351
0.18749771608557012
0.46603012678359745
0.47370349509411536
0.43837242655180064
0.4920759120638428
0.3712632354795419
0.304098896154705
0.4842002938275448
0.29995313606708796
0.18315326440691615
0.48951397496599813
0.4476309702954029
0.2365071208202364
0.3229712089129343
0.19726596649030637
0.20999335492029117
0.19455208446170952
0.328177778772389
0.4843888715890594
0.3696556694437507
0.29971840145246725
0.48282788609348537
0.18781668312781982
0.16699375156525564
0.3768355339501034
0.18479376996068592
0.3366702508760998
0.10598577546065893
0.2858757460089789
0.382635092482719
0.2603785073275279
0.3443141557754956
0.21027289742506863
0.384574769288312
0.49816786163167737
0.22453242515565944
0.3414179623136232
0.40533586462131876
0.3558194854664867
0.26566738354595404
0.23639487841843343
0.43500118080909533
0.12399538163068713
0.1896895965597441
0.4356659370503492
0.17691237099587337
0.464879407658641
0.4674852944056074
0.14899329062681416
0.21659339543574965
0.3051189044701108
0.44292279082860053
0.35708703314300283
0.4492283774371103
0.3818677760768826
0.12002641914161877
0.490945038051788
0.43089958817629137
0.1267040535374776
0.48550187082764185
0.1318685672868087
0.48375908582304317
0.3492843664993943
0.25347806099737347
0.10298039413477036
0.2646911958669825
0.15366868262073946
0.2681050795312119
0.21747479091926644
0.2835938051890131
0.1227269476005719
0.1893966285842816
0.24069320599884905
0.18098575717680365
0.20774409961405751
0.23209940832381123
0.30067644453616993
0.1017199172555578
0.31658914307812414
0.3158883579959749
0.48032985008707985
0.3874334500425064
0.3855630157499602
0.42335930455961046
0.3758665927390815
0.31119192121888506
0.46500160628393516
0.47108408603552343
0.20311285324879777
0.44971555138681407
0.30590337573912146
0.4222866509228006
0.32228169464338097
0.38831680181683903
0.1272003968157884
0.4938813357177412
0.42953100403178857
0.15257348713807062
0.4576516739796318
0.23544440060329408
0.23161347389792383
0.20549205844105503
0.11855550958236201
0.27512308519391093
0.21354496757697358
0.2758981084781712
0.3863952445508573
0.375246811018931
0.2399622285166604
0.2131904150138828
0.27632613391309213
0.22505760471968325
0.19241512602842814
0.35843208761348755
0.1752678102405818
0.46090785628335706
0.42353089878137573
0.14745847263584785
0.38102818216809686
0.18404247564498208
0.4520722327619856
0.26526073178632925
0.46135033472721876
0.399662266635085
0.14293599813370955
0.23778971466714438
0.17655004044453465
0.49557670997812586
0.23200034340498915
0.19660795699035463
0.4016689081997903
0.12761161881013705
0.18979866114270982
0.4230879897109473
0.2334123890763251
0.27138791798849793
0.47554023015327396
0.1447694581733091
0.2159177431053325
0.43287934917120974
0.33166241414736125
0.41281787911634493
0.2055151643548078
0.26086347655554654
0.393026463372388
0.4277899103239141
0.21328262283036784
0.20350210121801685
0.2264815470380575
0.3955872630047925
0.22775439709021345
0.4449381557337265
0.2524616883630909
0.4850118660764793
0.23976265524292528
0.4872109128060099
0.16425985241641067
0.22495886842896862
0.14368680636108844
0.44893735742286167
0.44644651852062056
0.22904712010625217
0.4456411362475694
0.39895177289858275
0.27827720393639055
0.22739502809704226
0.37481400601937376
0.3815087522634124
0.4221748387834525
0.11252596424257391
0.10330555982187889
0.4994356518272416
0.3617790695155245
0.15760456340495074
0.2890416195808797
0.1977236695462338
0.1336408578690821
0.4857626956072968
0.3957194864103162
0.4154363685189826
0.27624804981157824
0.4131314958432908
0.22482225649846277
0.2524886724476381
0.49405816449628204
0.37361704250067473
0.30656972384852793
0.10262266414091231
0.3960398446052089
0.4764457715039053
0.13689167384502288
0.47163247734441405
0.27160090233866463
0.47454200759899534
0.4992662028752005
0.49342433911052586
0.43667468056928016
0.14847505963289637
0.472187822690061
0.1015756572607919
0.3749663943024484
0.14960982827193892
0.30132327897192335
0.2554733656633459
0.3892694114141819
0.36724779236862526
0.3710527617192273
0.38039350908884784
0.4851070214550993
0.3244826991390715
0.161717759086157
0.3882110920822107
0.312737978411484
0.11814930952520726
0.11616924398716653
0.20665857395935838
0.3033183395116936
0.3463571743598849
0.2205342524290539
0.4153976011660455
0.12536124257326003
0.2927471515425235
0.378183346047296
0.304092391276656
0.44568559538258357
0.20215367385059443
0.47883560597889363
0.433003471691771
0.29122444640788303
0.3621674200659901
0.41255450802823157
0.34275189679475193
0.49113864536320884
0.2950093208089102
0.14760234603851752
0.40505243190263684
0.4454657872001484
0.4442694224896303
0.13516070612049147
0.3826309121613066
0.11981811143441497
0.21306986834447805
0.27602653533357635
0.12135913141760671
0.13646019980625346
0.3883401126927941
0.47635005501548944
0.43616053131026167
0.41588221782088286
0.4235532632300314
0.3013259459161748
0.200241813646787
0.12266978063765138
0.489467990072329
0.27287164670134334
0.2576621273773599
0.3278102117967867
0.4110397681957422
0.41194306571992867
0.2844713250196982
0.438170150646791
0.16491152620736876
0.3106491623728609
0.40510430792961316
0.19857786803083233
0.4427723482952943
0.14162324193418066
0.3237921089746423
0.14703897773075458
0.1878484727554175
0.17510152072620877
0.24445557395965226
0.4883465746176465
0.46767809579444053
0.18137467613098193
0.1675388611686925
0.23564233397634174
0.10166424712561489
0.3783925586345186
0.4421423670868697
0.35929766671410535
0.4690966068714706
0.4169546818607328
0.22148863952816386
0.4949985815235406
0.4820383531637892
0.15208543342364217
0.10678652291152879
0.3284311695476954
0.35714824667667566
0.31052995936432515
0.34022317218720255
0.20801039919605407
0.12484344836667516
0.2542691371424086
0.45987128954642253
0.3906840779982891
0.2563629331031181
0.4796728152781158
0.3514979861127031
0.35170221569231497
0.19514105744707144
0.3748015800926826
0.3066351127600674
0.19467908765675512
0.207659742221169
0.41264408166229927
0.16250249102913786
0.18348353277552448
0.13100069298378295
0.24852557243055956
0.45275113914368936
0.42829001266884814
0.24602065745331314
0.3290918297285257
0.34718614060838504
0.42880262527418755
0.3298227172698916
0.40781781644555426
0.20994293550649729
0.2896588316029507
0.32329342650359216
0.15082072869643018
0.22529430879523005
0.2337615727388704
0.22971484500691824
0.38057639580656366
0.3421024448135095
0.3526866865748347
0.22137874617692477
0.4147943266455675
0.13593737484417817
0.4121283233673769
0.36693391240807705
0.24190071166496208
0.14105550658312538
0.46352280863830464
0.12030497893900592
0.3590635611245576
0.44432396637377647
0.3545502425332502
0.20733854886238562
0.20969848472522135
0.46399841404282316
0.19705241378926608
0.2860400724410429
0.38037220970633767
0.18299681861323688
0.28628709048491674
0.1046188258461819
0.3757642172795862
0.40272256662700556
0.46597879609452764
0.40328858889203134
0.19249212935804275
0.3326610254196548
0.22468674339195874
0.149298909102265
0.41911306059876685
0.40681764348492655
0.16996721514082305
0.1682558969976951
0.4050820277717906
0.37654437639254135
0.38571925380162375
0.10916519225071997
0.18931147676218232
0.41652327720719573
0.40749541013239166
0.3353261407165917
0.18583931780380925
0.3889847240862917
0.23739089733642926
0.2481116380467305
0.4680482187278062
0.16308957340417407
0.4914487538754694
0.41191653775711023
0.2983232983863794
0.3103790357604531
0.3675754017695292
0.20843098502206203
0.4883544413749067
0.34508296557515794
0.15732085550300734
0.4275478667478452
0.25617905010849623
0.11298590686615469
0.42999238015300645
0.1033113455609378
0.4903070356488559
0.28421492032303
0.20740408555832388
0.2311145469749587
0.19331236095880439
0.3799869789862653
0.47253714085548015
0.4713944296050673
0.4420138173064946
0.3069822070800454
0.34178006832145436
0.4102448007049767
0.21190706619033073
0.3133352316104575
0.26684940945267865
0.18102214619041296
0.2955941384800041
0.4825272470186789
0.18511348032044017
0.229031684665669
0.48522543506861204
0.3498119699754464
0.22738916692070843
0.45720357484852936
0.43909067384492695
0.3422696971079807
0.21761386891247986
0.45823529693655884
0.18125024446876511
0.24130204169951874
0.4876857802713669
0.3716965884136716
0.1420158007090867
0.20159469432628097
0.3334433240805882
0.4214506598199571
0.24806739491976476
0.1666219432379656
0.16174160426586878
0.15353038647385883
0.21651197478694031
0.20699920621840998
0.31048455044206574
0.11009626912515436
0.4002781248587104
0.3496726803518426
0.10965525517187676
0.4698192420564463
0.1771940964304918
0.33331280172820066
0.2384157186721838
0.2477534047118704
0.17307005215707305
0.4695141682183662
0.18365865488725067
0.3527585841975246
0.47352101535445634
0.47677435491474496
0.37850869872247506
0.1786303821169485
0.4031677899074184
0.2949486013471907
0.28886509936330906
0.2688529835714946
0.30097588404695874
0.349414256161358
0.4146024657786783
0.25517735472566294
0.23321665994525667
0.11530044726107724
0.18085804839090724
0.4039267484558634
0.32444088140410376
0.3440269590811069
0.15524246681688553
0.3655011448489839
0.2768391254775142
0.10702866869844235
0.18503794112984792
0.41193893294038075
0.4949856767600588
0.49552774401100996
0.30542849788913184
0.43963831494563776
0.1217843588963373
0.10868964530154646
0.4394499208694582
0.4594238835430339
0.10743714526560444
0.3268128408022467
0.29722914314532634
0.23298313536781348
0.2890214729967056
0.24941437449424925
0.1370470085362654
0.2623184853324464
0.3311488945305417
0.28342811301222137
0.27813875820731015
0.43310958330506477
0.27681434929802395
0.4464260479718567
0.2232889774028474
0.37997267218123165
0.1623107980014199
0.1973243922606588
0.32951470291366564
0.18874743763574237
0.39595915285713223
0.19298025269235725
0.20271375499930114
0.19209672230338262
0.11710863350279484
0.40583518258108975
0.48541319974393293
0.38879416300355485
0.43214987124822546
0.4385045303630296
0.28675657774727514
0.3663980590194629
0.26352213364578253
0.35750974023715476
0.26620069624308346
0.33034579524803676
0.32673566288368777
0.18425781939018418
0.27243459692324323
0.43301858644830005
0.48429561919180486
0.10694905798496901
0.16152407916762127
0.12178204875504575
0.2653258682940248
0.3015332440004399
0.2723776316167579
0.44586017768711905
0.41565041674510705
0.3330776335191217
0.25442675293229655
0.3050439859278228
0.48561232991832626
0.4379248537151048
0.44322545982548733
0.45434831561664424
0.29356426990682993
0.300221203342254
0.1539869040058035
0.46708367607262224
0.16973799752629443
0.4903174724873095
0.2941563661319917
0.1347777997679437
0.3692166013237247
0.15170430334622084
0.1774291562458692
0.4403464103190958
0.33780707924073305
0.18854285773973342
0.4648199298367077
0.19068477285676613
0.22594952508005597
0.12012141638052079
0.19406429025844818
0.372017433205004
0.34631560326437283
0.47961298354146187
0.4742573712693061
0.26871069116706203
0.13104236413785247
0.3882208506771564
0.40977852100818135
0.3163275720048432
0.2016559435616676
0.23480531372324973
0.47542363325046777
0.46005186912912077
0.14219398079494674
0.13063080683504774
0.22874519895323472
0.4841179742557842
0.17107033779995043
0.41090096247775676
0.3034968615541512
0.4791585128423328
0.3872403206104845
0.3889290076530044
0.372216560296033
0.414737695324344
0.273755860808815
0.24902916363987423
0.4356349886926555
0.4264188465418046
0.10341203261313088
0.26685971870972636
0.23038687121054635
0.2531575516854847
0.29541199782769323
0.43253929688822546
0.49901765691283695
0.37341257768193314
0.23657039406300173
0.1625376364569479
0.1882187728195579
0.21770445336687386
0.1368293183366768
0.14958880324540214
0.4789626645846111
0.35564017307187434
0.1931291318250791
0.4131128480221752
0.16350320080245434
0.3933992215513019
0.20196088574361185
0.2804747002949066
0.4890492569847279
0.3427455018027986
0.3526702026730365
0.1686218687758211
0.3456213707812248
0.2172910446825337
0.1343918408269197
0.47844987052880106
0.48012535418741187
0.37796521727857
0.48783884464961924
0.415065627627097
0.16535178532144518
0.23727983575244102
0.12062884571325841
0.33006549916774475
0.1149987316181774
0.3236013270957061
0.2648449550316849
0.19471782094897627
0.37185400189951456
0.3186207790045379
0.281709498520196
0.15024588562128552
0.3923714463791549
0.48406995012451814
0.3566361491666946
0.2067991484414421
0.4584977460841406
0.4666709391394397
0.25800488969187585
0.38360678096510903
0.25141697722236034
0.21807818163512382
0.2654296699737824
0.21018058607258802
0.3330183639669372
0.36495204944731785
0.19285469918311546
0.2195587286401434
0.1224216980311276
0.21904204859046816
0.16256008162141655
0.4040569455912604
0.13120386570077827
0.3099896278994435
0.36836355751431504
0.4454900610444742
0.29458767277547115
0.10653781948342123
0.2755891120309502
0.32340899187821703
0.1300687301015714
0.4400267177167002
0.1836092844226551
0.295926955867566
0.3374588317778103
0.12532523364299705
0.17155742920436146
0.15820311903877338
0.4491408474071372
0.2843986323382005
0.44660504797091793
0.35736338072535256
0.15027173187922258
0.3425450260982661
0.28173448041784677
0.20483775263919066
0.48695019262610617
0.4204484192898854
0.23813190255575517
0.14907195537873644
0.1738180591856862
0.20969606694415763
0.186420781532445
0.22277041861064462
0.21500439318766948
0.28466566803140286
0.34945340084001303
0.19012763172060887
0.49448559658298197
0.27527526704279565
0.26736650223347486
0.48424902296370875
0.43308869951114193
0.3140456111518718
0.4460848388472406
0.4187271219493085
0.4881328643574986
0.2741271021581614
0.41886278758228623
0.24185546975940558
0.26754764048499957
0.30111848048722917
0.3950175915812839
0.4626773336837007
0.30212456040363855
0.40507072845021697
0.15595521569551668
0.4077535694978863
0.4182116578690178
0.20932449072601386
0.49913035079202983
0.43169763270545036
0.10620920022713208
0.21265035612871808
0.35953744695813505
0.32887194111682194
0.3868609062465982
0.36920689641788407
0.11858584114646398
0.46898484447740063
0.26611492338280707
0.2680978486290134
0.12421455402890597
0.4643177428391938
0.3180964786100863
0.18099062166339888
0.18484912406830314
0.3839346416381788
0.2241132333210607
0.22671726618678775
0.17991641198092753
0.3254663987530645
0.1174596211957721
0.37644429468132756
0.3106426902964373
0.34994758663175185
0.21630859758812507
0.23991029003331113
0.31226493831573193
0.23965758817916494
0.24300126773526617
0.1901804610270615
0.17864611396928387
0.3708919147038231
0.38157540706632387
0.12435809929887648
0.3428332772802348
0.17700883220117591
0.2728207870662496
0.35526444202187357
0.17721964912058785
0.4560439138141765
0.42090456362576845
0.36954375069620526
0.11106400575700803
0.3810356561813274
0.4952932176913606
0.2633741262474717
0.2226335243062811
0.12433488879182644
0.39675109699844
0.34226228512595097
0.43047393563637504
0.44624071273126364
0.3198669199634315
0.16527946561840223
0.49314124848021446
0.2366270980809675
0.45837034336148497
0.2980506724107673
0.21327685764190402
0.2756526497141157
0.13186469431913195
0.26799015396380527
0.2881363001494326
0.11127640327477271
0.24294610453029272
0.395126309179037
0.12199925263206911
0.3994797962758855
0.45237492391696055
0.24363528500184875
0.19832260600371887
0.4483708268969817
0.29200382969887656
0.26455274420410846
0.2131032453060911
0.43848922061995654
0.1211389851181472
0.24213768064908847
0.2754573430259287
0.43882708542942594
0.4085028039932248
0.2781435963632329
0.12884542335549082
0.1013913312215986
0.16688538032965905
0.24075991601305666
0.23769901144021355
0.1623919833096067
0.1570140342418196
0.37043353445430816
0.3819361110015912
0.17003410749405423
0.3047315542258374
0.2894341351544661
0.2996977259308658
0.3041356368123581
0.1017169951567427
0.15138632196164512
0.3185537007775423
0.35987542616312596
0.29468053790956206
0.21175140468352824
0.2807617075743606
0.3049415132081435
0.14933233976634988
0.1684437507029788
0.33971768855851914
0.25839630865442903
0.4195270911702681
0.15082738415941474
0.29841841585970813
0.2500366373014311
0.36096849053812774
0.3363621436128025
0.28929804332419007
0.25560346575296167
0.49840966301710776
0.3004451591838442
0.2895964074176003
0.34772487311931544
0.28786477782864317
0.44943190815295886
0.156316886227614
0.26617485655063533
0.3002512733195605
0.28331982821356705
0.39809409260776163
0.13756526138354183
0.38307192052987116
0.25230112887650674
0.4841884232431989
0.24968948125430926
0.43751698695256513
0.3156739342813129
0.2724849601035281
0.15026785532636425
0.18092199003360473
0.4904462080683283
0.2907550474389634
0.3000341929105529
0.4107137162780238
0.36068944626433586
0.2917225511566238
0.2304750477092347
0.17221665365638486
0.17091699081053405
0.22867748109666858
0.4468019727149941
0.23103778103914896
0.3002035130871451
0.13401960595419715
0.37085921893540463
0.22488621520991203
0.13279996308397873
0.1310926349743463
0.22260231001248695
0.12664675636782574
0.15736155373063074
0.2029043156901834
0.3811454288659003
0.4729716613310272
0.17079470612423578
0.34677237777498204
0.19584171620529367
0.46244777730629005
0.20507933458827587
0.16462698271400739
0.29874305935048195
0.20397108931031563
0.3307793289415606
0.2612410400175562
0.2750485695547449
0.2995548072387857
0.16759084822788534
0.3329228367162792
0.16473141464043822
0.24130589020286647
0.29062505047843923
0.4505940505638395
0.45289329447524496
0.2715194667865404
0.46966252100857087
0.4037068954451398
0.29159075438939897
0.26688658077864347
0.323163237166074
