739.541009226174
677.7781525787959
505.4124590361925
509.03820855436163
942.0282688899852
769.0938301945752
630.3632839584416
835.4224891122992
952.489918634807
568.1177371661316
793.0998127563104
889.6502230173791
774.1166146184252
585.5135002797917
638.8236502885705
500.1896503073806
756.324111557486
803.7365980706817
825.3066959350722
635.429556332946
530.6684737853388
954.512940609652
627.0775129266489
833.6892012949625
700.5081611179257
901.7878353855122
756.9101495781748
615.1585988077658
635.6335595430758
515.9174865231375
529.7639487257798
588.1563396118045
893.8945758074809
595.3901201400574
774.5826505087517
893.8990746505851
933.7234442119884
511.95827786268393
561.5242361678598
811.6888525749304
697.4387377854458
621.0506838630988
595.0869953598693
945.4483742319157
809.034790256273
527.4894460567616
754.1006867705478
879.4204329049935
960.3124573921964
608.4566674048796
844.4514846625605
804.4572447634965
988.1670499305585
674.8029844301523
858.4165048236546
510.4377392297178
658.6498645589799
637.9628860057851
760.7648621620453
869.5151527122034
912.171460938416
650.3994139132101
911.8260121355995
511.63909443347984
511.46418725158367
725.1573361010163
690.5439606134796
635.6492279064339
741.8514470292492
577.9838797555803
642.0945066295715
600.3219495576192
597.626202206486
992.2021123786013
703.551306736374
592.3702781641559
712.546547316439
677.1987759536025
869.0551848353143
944.2557945675878
586.3392650999422
713.0715842984687
914.5769134191229
924.0302897026863
571.0960873437873
746.1493458086297
896.6271378628949
538.0268856590852
700.3519601652145
713.8333330897344
907.6528584840005
982.3540901151164
905.7047020708183
507.04499449652127
705.3010727934466
891.2367940200834
682.9459623255253
792.3505808394034
675.6685371340275
910.0739144096108
816.4167127664457
739.0820058250606
795.1151018750235
629.2589517174684
806.9071251539035
974.2294309172707
758.1736792851876
715.3161849853354
709.2640842673677
585.8690151848832
922.4668928665624
899.0173376504499
602.2602821715628
934.6752463753102
560.4569535333561
642.7979126647631
751.9454850754107
639.5320763545445
629.4161943506328
903.1237687684945
545.6733443682921
534.9352687339348
897.406542819407
739.7332623020638
983.9205578025962
807.9199259825041
799.574074606513
585.7820791511393
585.0080956987464
624.7697577064037
818.2333927185036
765.3643882585679
900.7136687069824
691.1708762799432
831.2252633105306
592.2626097575132
741.1216478100376
791.7342006334007
614.9111548756413
835.3521047313634
501.2936378777191
831.0257808714532
864.8778604966508
506.70956738257746
915.375364548145
702.8804761218539
505.33410482682297
531.1293804694801
791.0848980378271
974.724122324179
563.619415893537
965.6262359476478
541.5300245260597
549.9535464880938
572.6875613987689
544.9283592682195
721.1559527671665
570.2172922090125
557.2473140013484
912.8728748182809
658.6162533219057
927.8303785702383
620.4217054141671
509.1260165164236
714.3182285472959
664.3432050393656
590.3235203986508
849.0273822139236
897.8401015655204
996.5681575946494
533.5844869151166
761.1274755200993
598.2852223407197
524.1223276640545
753.2977143308626
753.2685493936299
820.3848592366453
925.1217627132377
940.6400304535655
650.2144484169756
511.08271524947725
970.3258031577898
773.5197356879473
965.2609820996087
916.4621591279792
884.0265400966043
764.1011480635748
984.3386687289455
507.3613929815314
636.5303654981076
673.0954467859344
644.5607952876464
566.9440862018862
824.9353261028546
964.2494780228889
661.6540763962555
625.8108509494577
664.2644973805832
592.6008729184505
873.6570279028797
915.6515485211253
663.1223897141973
858.9306730058203
667.1588800781474
737.3033511529941
585.0707888126866
732.5244047655555
887.1855335162674
901.7387196926
515.802859672754
705.7727184632229
508.21511776306914
774.4105801791329
874.8606403646718
665.2577086861509
832.7097998217316
505.70245086682604
768.3815475032002
539.5775891814421
800.1318218322957
902.4898721280872
728.1889433615303
965.982977960608
566.8936874486785
567.8375456551482
943.7519999169322
609.602503789913
941.7316588064823
555.6589539037695
898.0069488037516
834.2350963360511
665.4888667953518
831.9781117262412
863.5618090848484
638.767821759192
664.1492028205708
635.9508823946712
585.0153902009242
592.3855107444347
644.0220570672225
857.4455623553654
966.4948040533434
514.9809030528878
636.0171829466066
710.6202935336765
660.881852025539
892.858303767842
587.3275250978095
682.8980489060662
956.3340528795848
821.2867248993198
924.2873242920757
553.3338765954826
562.3869220095247
502.42977313345926
830.7218773307395
644.6544665297832
603.0025829886946
800.6266463137272
957.9544966244258
614.8827376758452
821.8406174586653
967.3986509449876
537.9951015717265
560.2894791455892
622.3377237774841
819.6383327981036
716.1314314319677
967.7229345173471
528.9369059885951
569.3735901794608
670.4551118316933
599.4664653772741
638.1963003603304
671.4065550374219
862.0108131743968
744.7336733738
670.7597925042887
642.3516734133119
546.428811637752
542.1214602421117
713.2348313675584
770.8092370578581
881.3964341594631
957.9933471255024
747.8544397928129
575.6186040480459
508.7407056212473
535.7007712820672
681.0515703998824
930.2975847920522
953.827698776663
857.8453148753429
736.2943337402269
878.515597425798
791.2977480325255
582.8876692754776
674.0582871507862
536.4059369822514
967.2927575046544
589.2507840668754
595.6902368787448
895.9041063164343
986.7708666218024
577.3126609155004
593.0215758327275
937.4020175073153
659.9163617840189
959.6050418689363
623.1953358872469
578.7934436481166
905.7805273887768
571.7256956793955
677.0791449314555
798.6280598090437
610.7639267238372
706.7218140757121
985.4354082279312
511.8506717282948
607.5985452676283
814.8662999449875
741.0557725122009
579.3934415280306
972.2093510146017
686.0968951283057
922.604774058029
572.9732535545425
984.8136556858086
893.8809201041076
614.0837985143221
931.7837661044097
579.0860975434324
711.144871563942
500.6481340321086
775.495241676887
739.9560418434027
789.466037192057
674.5951259114875
775.7862696694394
523.8914619153686
960.3965789240917
583.0371066972517
918.8195318678205
888.305912875905
819.7217583418272
683.9702797852868
850.910946646158
637.2574679451666
589.9909204142953
703.7568468144954
658.1938758499382
586.7404720367591
857.4227240932119
630.93794554077
514.9938026525668
882.0637988290221
899.3093873374671
540.7761843079941
928.5269057773987
978.2947447471145
780.8785689554959
629.7184108208135
647.3458072722134
696.7269789812872
968.098596969792
728.0341748669424
945.8753096649605
706.2247354683426
598.2938964709025
936.0583527751126
662.3738123494321
977.254729014585
981.2625398435199
937.928192887153
957.0199305153578
847.5509128972693
925.3155695217997
621.4712899598659
621.8058033617651
913.7974840598454
737.456398989744
773.8339207903681
842.8870279953819
916.1764785654545
887.585006825093
969.1559439953191
564.4061322618612
880.5482285074229
749.4781239726514
913.9810575597428
677.2633444360572
961.7502957027887
633.8190342293503
558.2364288707797
715.4355495760225
720.170624526256
756.0406688369844
888.6449882139977
709.8317316245194
898.4897428528034
777.5033407097069
887.9776040913821
593.2836407094676
606.8921213302278
649.4543043437922
509.4490560480213
742.6464876484637
732.1630953256558
639.3374043567528
720.74294865733
729.3676991423334
863.2879665478761
912.7778654796045
535.3034873543344
986.9248858430753
907.1763796097132
957.1899142634044
975.0689966051009
584.9985032169852
603.3960345269847
886.4545486390722
698.0104636513086
977.3270119297956
510.92493997519176
865.6535401348921
946.883188626266
997.6724561083225
801.8009297367798
882.4522480750712
778.8454957009446
943.220926378342
670.4999461405873
712.7094189757129
722.5972890597714
545.9995351223557
857.3187626449638
678.041521585803
878.0723620295637
996.0182185659403
588.9806981983925
920.1811011178445
809.8763859319774
535.2794409182111
890.3373625593777
825.4086369129999
977.4963301486129
844.7508654060613
855.6562969194391
904.6117833441717
501.6834244623268
691.388060632838
858.4855068530173
531.2904888490797
792.7545023048217
718.6935506699404
844.9864295571938
547.1475428584542
932.3694272018674
546.7923412336874
701.9452370786016
665.0542591997637
598.6816768696292
611.9980551182897
520.9561226688317
858.2572022921413
868.334900313171
900.5464614821706
839.9881849830545
645.3185996235251
586.0994070290699
761.0587620639083
951.5087365976151
923.2394405852256
774.6454673727128
763.7702789962269
615.9810751251935
516.5143575530865
926.5423747044294
756.6828474107249
843.4132202903436
665.6423499089102
879.861452761302
751.9457068120076
975.8216642747609
576.5635149168885
651.120899798713
509.7507987975261
778.5158389849014
666.93712021907
710.6263499434497
801.9873093082815
970.5337803284822
621.4237889638891
620.7938049250387
938.025576191665
799.7256909157109
587.1599629466359
852.0852237159063
744.2649995732078
745.8126207769517
945.6261005440513
797.182571624829
564.5273626728025
650.49407201326
948.9384991067711
731.239548710213
634.968007888308
514.22615253735
775.604132938884
503.38606320539674
656.4491116870082
969.8462959228955
909.5984376743694
720.1190366175176
626.2843565059985
813.8888182141015
865.4210836087234
541.3170207983073
975.3483135004477
967.2167433122688
818.008361531455
539.4195632796498
881.6075974359985
661.0683074724002
804.9754346546873
956.0622522702918
971.8940559713237
540.6700169634561
817.269861354113
567.2636743436641
532.4974755450646
816.4553254819855
525.2282380207507
839.3673380555964
981.7479717511468
519.035235814452
778.4727306418743
899.8195766686306
949.5253097350012
612.4780297745393
544.8746072227494
673.4621735061555
640.6841984412777
544.5617098859706
934.885264002239
667.6487901139567
704.6009908935769
971.8467439238254
987.8926263252168
856.2226363685312
993.3854636677047
826.6968445877303
773.3371523961778
952.7400653742936
968.9698850376561
554.0682118052633
844.944802973537
881.4797600278018
777.5346917339928
926.9766254952654
981.3543760761349
683.1468951693425
937.0377058631766
665.6012320736864
921.6553989354502
587.4590915334986
761.7863960110427
530.1304000704635
787.5341137974835
504.85980850556183
864.3780805415246
882.4288506786797
861.3141653038796
780.4098518237581
740.7146146850648
531.1175956189358
853.0019702778518
578.3673353577552
825.1419369448616
986.4837282839447
759.431799185252
790.9768038212021
722.9173173841338
779.0075915936318
768.3966782090097
648.3873005487873
875.2669681638915
712.9697921829518
943.7345247494651
812.3198672224669
740.5065480484645
834.4428140799769
917.3450659703559
854.1111238452798
682.3702406425158
573.7040038775579
668.8623384339527
618.2643303805388
538.4968781389454
723.6135322438354
700.8649806482157
936.3652419489404
908.1003815860006
888.0541388059745
931.2219573144948
765.4199587673471
586.8729401527951
958.0765673556078
737.5467288420627
823.0964256388233
984.7373078649487
711.5910399951771
647.8869542967195
625.8428526803203
541.9015653862374
888.1620628934738
591.8298978385178
979.6622970862643
883.6076520604399
892.1688406088363
521.6113989917314
518.0356076613954
819.2015951116491
757.137527024599
649.502910986914
638.4685663583524
560.3319507694855
967.4026126547515
833.7691476880068
587.2604747674974
949.0338734602376
794.7323978957731
762.8790887317366
550.6306728805017
819.1728636668818
861.4519834611009
528.5642914825312
913.3246685417542
609.6154000440015
831.0089259514303
715.811093583398
911.241699895689
519.0328075590622
612.3642718786941
573.483144554453
720.6352426231003
954.7929319449381
962.4058613500429
519.4557105943109
881.0472125781428
623.5459851072894
994.2710677077723
777.5955594718171
846.8527231722092
913.519266286283
898.1421820615194
892.2289434730883
907.2795198067836
682.4350813380291
615.0346600474952
983.7412174900257
654.0332284684466
595.8961948300852
716.0777624002211
799.6935837219606
682.0590152063082
933.5754616495933
829.9211193204869
631.2267924393651
661.7493001211035
564.0537749160075
573.1056081404558
866.3637918417555
591.2058482937373
690.4258862859949
528.988888634399
647.0303366871506
541.8159799038752
754.3267392462197
889.7556770150688
647.5971512993488
663.5693358308899
729.3612542363437
962.232253129645
731.2533812256304
658.5642065044644
519.3148188797022
918.3160152650901
929.545104823857
804.6393349774022
887.0299476746769
938.6850436892645
623.2131480925945
986.6352675650196
992.2349122663456
721.3110095542089
664.8281724238809
901.7117413186875
867.728867617306
822.7013862931801
530.7788532672859
829.1376041509053
883.306108409093
806.3369046620006
665.756212206926
999.1090396304395
850.2213519933832
991.610000243305
678.9218710226297
791.6415512826071
809.0583903772363
706.6715944768979
571.8094763730711
936.5987793457241
905.2514014988965
722.239568849124
588.0590847918609
966.5801804892817
519.5355071209665
657.829458513443
667.6535616874077
882.0909786479145
671.7522627928921
965.600356880778
544.8083089336769
690.9678934663427
740.8530323608937
643.0782456234354
808.7945926438015
586.9686395679852
752.0222423782308
875.9740989925847
847.970506535431
864.9581933451465
596.1634215786665
529.4734297296964
993.501770150802
977.5689630380766
582.7013115471742
625.2587678309112
968.1508677639534
987.6830412660393
540.8085044826478
752.2771167454736
758.655788431884
881.0989210167847
648.0271042986766
914.7470072880269
692.4280768210414
778.6949544096851
612.6424173482274
739.5270245270422
924.4864719524894
615.187678671643
791.9983629937942
630.3978771845707
655.5771876150268
864.6156127973351
909.5869838618372
572.3473661191196
855.2470852770588
713.5707114344361
791.1046990633209
801.5153449567686
767.7752846957915
669.3614751870891
814.357884385495
845.8794532415484
664.1847083075425
713.0573009281635
660.424622336955
722.3841882541618
998.2512280566511
651.8837646628023
536.8540202968263
625.6218795537865
648.4871935976101
927.6584681563453
932.8183558785347
978.4142597436717
836.0662045598808
744.0271083137864
927.2635151885299
861.0969244924343
717.4176392934231
643.1380594207013
588.5071891426713
583.6909906330451
793.622159866816
518.5584378622848
843.4427283676346
795.4523464777192
578.3173295276192
651.7312003937092
963.3960366728793
601.3878011526459
557.9892429283121
881.052147246465
824.560351232761
729.5760287983627
640.6792541504261
814.1106235309994
645.9551258918494
701.4771741626677
507.8548663973517
946.0073678766912
929.6733254832764
789.7986905989096
879.926528705297
909.4198119414863
569.0308432088603
663.5053821392594
757.0110847689366
715.4417793485339
958.0518316236212
854.7146000793997
811.7010223347465
870.8100507272628
504.13644651381543
736.246743409642
511.9748465265821
681.0236437342585
915.716675665465
916.0468073499699
559.0177518909303
754.0442308987333
671.268055976753
884.0345294153566
909.9502396507576
924.0441461545989
684.0867185430963
748.0614652720592
822.811032683745
800.0664746384182
569.5468257010031
672.4716612336528
913.197035650051
968.0287175693097
551.1378083196638
946.1775001648411
673.320837403785
691.3580637393412
629.2228616570874
955.8080657730063
775.9857850255439
839.4670097204684
706.3245180937946
653.817864920898
845.7155485482109
532.267098082976
748.8529498152823
903.8533248639258
939.7106748680699
764.8387617840956
602.1463961290075
709.6038021521476
973.894591359536
898.2178192283448
693.6705683051948
592.1580460607993
825.5264632408881
894.1623169548718
752.7078523836121
926.3046394993237
815.1251434009039
735.030158313562
969.5067150301546
714.8180445047097
756.7578719898972
698.7080998091621
844.9210390508964
838.2625569906708
870.520034092913
925.2244226377893
873.7314491190034
771.3372558283545
828.4936368514302
976.8195329116277
744.7601337552959
593.3365359566648
871.9289845059157
955.6253477259183
818.8039788597237
992.8976899830006
553.6159033599884
953.1299720100167
696.3115525860986
831.4950379782138
940.8174932385573
620.7368797391789
951.9222011085956
692.8093587313809
770.0099216925455
882.3599463752746
956.73280593696
680.9858534781984
809.6326888960341
751.1192650841181
663.0452722741265
649.7355668142116
599.9324912271117
740.7720373914203
667.630959752652
932.3942806590605
862.0370860761477
995.1325838892958
834.7191117235052
743.3564044253784
649.7248230091236
944.1856536025252
961.0555102535657
786.4335928857062
700.6680785720265
606.8771004095906
629.0402015792832
813.7460359660564
595.9284530053951
899.982556255245
566.9145832470316
529.9387011531807
996.4637305886076
699.3016282166546
712.5137888404005
804.1925600896957
607.565844029532
530.7552499247698
729.0565226340627
874.0503125107241
511.08233114521636
670.5154277129935
723.3757574603096
744.7642832129723
922.4547975905489
930.6308937672713
950.1119481117298
884.6844942530238
886.7661410610132
522.6305819662153
745.1390946572928
720.1552731945438
892.7016935699082
823.5276100605818
720.2703565085233
965.0135485533091
552.8542529772753
584.9699927895902
934.5661550711318
901.3420851104089
646.9024799113331
547.5374442406093
985.2846601891695
647.8054653763288
701.996460775939
855.8614444467526
531.5298616178553
644.8498768087477
600.0604710638771
985.7033644418027
831.6484751172449
827.1520118047478
633.2039637798914
996.1242198821308
957.2174443020169
624.5464093619237
954.5849783775286
989.4327330005901
884.5825818243718
630.0374229136684
885.5680497080323
644.9711256680121
650.2892355553665
668.31849461804
645.3977267529685
688.462434759885
580.5512725044478
541.7803440064228
569.3890412650862
789.2881149531675
819.573675985336
940.9809328884769
911.4048659137095
885.416478758146
609.6029705274526
926.9632165355608
756.9737806421801
737.6468472803806
829.9222072664313
857.2318121502143
532.4375923652799
564.0420481143029
805.1792175094029
645.2608155414397
505.54653209732845
791.2809783965888
598.6869482229702
944.5613360945314
508.84708447827865
565.3634416262101
686.1532360278729
709.2260080281476
977.1844819603276
933.6482091559307
576.9239267641307
754.7729505749389
859.7549818944624
684.9384330833878
812.9855053501151
736.932486084684
749.5802142613979
814.6498631020029
578.4065391734825
844.7164134079165
536.5385228048502
895.7537690124927
780.2871554712863
823.2681001713547
837.769946676719
526.801748314237
823.9502370813682
809.9063152406976
767.9930187038808
904.4346168633131
772.0415001645288
636.011591953519
513.4439821076647
511.69535762677816
576.3190055316945
711.4595112893535
767.4212091110853
544.5541134528742
863.943584044841
711.3645640353869
758.8360530085904
847.1335626025195
740.4105410397951
901.1987805981853
517.1467122638794
775.2071533118658
830.5330346606993
583.0144177690787
991.4529837728414
787.6297432451636
978.8705687487793
919.6660627434767
976.3667148558472
823.4222351999948
708.920386074838
633.0840525192924
630.3085323425813
831.0206780396292
741.9674711095238
787.5059689472449
668.6753554207365
934.691988295075
689.3684782476864
956.8079301382762
913.8100872843644
514.6576370192786
837.3817013449625
605.414436336709
930.3433903381675
678.4564945510677
632.8711338243024
795.1852441202568
680.0311197645157
516.7423044479812
736.4991985482985
594.7769864077881
620.7613418956595
565.6627157470888
995.3585998912622
692.7928973812996
908.916617539405
959.2414432107171
990.2979867358483
778.3760038881992
843.213281825019
941.7142943092358
568.4640197043216
510.8458396310941
965.407691872671
953.4263249918044
520.2334682527171
838.260501377905
775.0892276016791
844.0596471609994
681.6173051082437
777.444996951463
655.2306542933485
527.1160842784021
561.3095953397321
810.3072587376696
681.0875188577571
651.3366647829121
592.5933556502016
525.431766165774
638.8342294658642
607.1720057300631
522.5314554935409
736.3570833912273
775.5052099814786
525.8731702618967
846.761533773793
954.1863101534193
868.5826147035228
924.9926031818728
860.5177855456393
958.9451448991998
628.8103861984054
818.7612197491328
580.3980627835733
964.7911540661939
822.9215807649767
945.4555288479226
969.9778224827194
941.6495329716424
514.8633908316552
871.7963992017269
735.0912746355416
563.5073676794755
726.3066777507039
598.853030428531
924.0019351568125
563.9958655485046
825.3484412071232
570.681556563618
559.8096302582975
858.0354617334492
633.216264886311
600.0449023234889
676.5940464385035
966.6548797582784
863.7557016027063
993.4854316417643
552.5068715643594
862.4897419682511
887.9399883259426
733.4434748459634
767.6818825188943
936.4663459564239
784.0365992400791
875.8714871731063
775.9552477981565
695.2113290383688
572.9559117357824
985.8513807812806
555.0691981927254
679.1715452536888
618.2485461937605
965.8864378855042
842.2261694585136
816.2784993974669
962.0693184667954
598.7670807202658
556.9314493094529
661.5085212601675
835.4261841764401
773.3097933588996
508.09158538067175
539.2419808939434
520.9788100140238
711.3717047600928
888.8270405500492
652.3204142830418
628.742305377787
660.2781990495573
656.7835331821527
657.1065362946197
958.2256728663945
932.5796032037955
826.5420255913812
882.072912001504
794.6494442339749
700.570434250352
762.128144159706
909.3592517747359
959.926830015756
682.8547625111701
507.4445458471146
962.4760596090935
638.6396643684129
568.9914650719605
508.40768493820036
778.0671703082754
930.524378066691
970.816299106104
815.4832777350825
673.6168914129155
694.7377447202356
699.8899626891059
863.6266040716145
831.7231007467083
856.1277892478728
793.2576793443361
706.5326208948763
926.8773897399981
811.6678206072014
684.1500845684596
571.3114260553173
679.6661239592329
944.6605093095006
835.1775857118628
623.3515116821085
951.853047487693
870.6498563339901
824.4986286334647
916.9955798211745
890.685235748396
685.3504663632727
566.9617859373901
885.4393423250116
939.1746240575246
830.3591369027629
546.9093258343499
902.0927766047008
953.9691495878702
910.6973068349987
564.3539413107064
589.1064482451155
852.1460542280879
833.8744627753921
802.8538656364058
794.7670242036647
950.4929236034252
646.0575688978231
772.6297770492071
814.1318185107648
910.97978402135
735.2370156687755
681.9453385407687
