5627.490632511776
5792.012690030705
5204.759158035708
5191.885626684368
5670.562348611349
5827.10747122453
5909.986423907567
5225.300061848562
5213.80373520277
5129.4825205469615
5035.1951713370645
5828.235824746609
5306.37767171822
5517.532726773
5669.042382097074
5858.993085356644
5032.121478137002
5270.09117294805
5237.000064023043
5375.6717151306175
5441.962515781203
5775.389586980539
5150.136904156316
5735.9605846907625
5174.768174241446
5215.801305114167
5932.667306639034
5639.46254215393
5780.750750216524
5815.284168678973
5656.079824850975
5372.667247544921
5903.515079339936
5092.132201998415
5477.433801791747
5739.65723627552
5364.67025238411
5992.663358343523
5380.265831425483
5055.728122989604
5822.572400487972
5465.751470978681
5984.825859400977
5551.364039287935
5797.7607124326205
5136.629674422275
5624.1644823856
5010.874895269749
5443.9051425138805
5510.371053447823
5948.591672883677
5577.095482009182
5916.9035240740295
5833.45010426997
5461.5242357566
5994.185681372375
5532.02855470676
5090.429762241592
5032.909788751063
5507.939223458088
5545.710327122365
5973.123527274844
5082.942276082736
5606.635796222995
5274.023926888686
5820.524503375592
5014.034063590379
5446.1566593909765
5530.317009246991
5466.375535783664
5701.484302263235
5565.563105650968
5622.142529258071
5414.75073891071
5711.180811815628
5984.594086673075
5432.92791252877
5777.024915539765
5250.359255111856
5759.661662202599
5782.289805189891
5238.797445517189
5738.9399654021345
5491.124292433709
5954.264723547109
5606.48576433452
5919.234074706757
5051.868406688564
5535.643421376309
5190.996704553744
5722.725104793824
5710.605407893853
5586.13320865517
5611.124384839221
5214.831827237364
5897.837053082162
5050.238012289526
5572.930226913779
5946.086722840495
5339.7355579416635
5485.935620134758
5540.098301263395
5308.964766222244
5721.569374456385
5876.024052343211
5477.160737607702
5315.528069796364
5311.89067690813
5485.395863071185
5378.128708489778
5373.964971924603
5934.720311248236
5500.471279198578
5315.936389368797
5367.721279214908
5969.4416902094945
5935.036992746847
5007.2746391853125
5400.26973598885
5271.493886893482
5803.284286177949
5435.952856659959
5799.149641932175
5993.786734700598
5505.125952889148
5868.637052737571
5274.703508931699
5743.635078566609
5022.871770027405
5259.635841931093
5707.160110688084
5979.413357849164
5582.990333440035
5776.933597456498
5941.543712201714
5386.057582416979
5531.571123448409
5220.064181733049
5504.392017904964
5988.593850269943
5326.631361836813
5471.718185611279
5429.048669262646
5955.598770061779
5289.286546955431
5799.276227907976
5331.907007494571
5927.31280484986
5563.38183560126
5822.627281261472
5657.626681812659
5379.893229454836
5465.165725205857
5875.867296505386
5645.850810957073
5373.943108116612
5622.372502715797
5088.719478693298
5336.603788275787
5158.560693871209
5241.6995099127935
5873.293847673229
5246.03813962649
5673.772823417534
5351.748238539979
5162.80120313546
5601.289672038672
5710.165771562698
5496.916046653335
5752.910839169679
5731.407748188714
5089.686215276003
5825.15624476663
5679.875257353258
5722.714714635988
5044.3254613792
5571.491186797584
5078.676891176498
5463.62926970164
5286.12776473136
5369.60328234257
5362.561003291385
5967.685690145667
5093.286862889784
5635.31833772705
5934.993752394752
5695.227827644617
5170.538471598735
5513.321845651863
5405.905586137758
5214.0146313402265
5890.274413606163
5568.908038794266
5011.687360405476
5624.439160185009
5586.228074583518
5353.58585214409
5785.5219802192505
5708.077400110428
5534.898807745639
5677.958500161128
5541.184655712137
5936.763489330331
5531.876008103788
5996.85098494472
5965.050315814746
5067.827025950097
5312.522594606238
5128.394551591778
5088.707597259754
5347.113305319419
5629.734020045351
5882.738032371224
5779.155609822255
5759.65098393555
5399.226271121805
5285.086630338711
5130.449056718757
5589.799723514499
5832.1057204946355
5560.989315138615
5080.4137489954755
5013.311943912111
5404.272640384761
5659.518080651622
5258.326815022119
5497.013711418844
5260.928900755111
5061.1386645391585
5181.223061784502
5154.28377409193
5837.044642120996
5451.555887161557
5305.631656754824
5538.043079581685
5828.690806191816
5635.925832533416
5428.078921539622
5753.839090575011
5585.375950368847
5173.575848015347
5073.317282850283
5996.1193639062285
5608.527810934553
5412.892999052259
5736.54215923868
5603.461886873368
5264.969255987922
5617.5853189207755
5848.741741571192
5821.533296579282
5912.694083818665
5650.438901821893
5159.993032844672
5781.32521000612
5674.486826314192
5444.815316034216
5078.336886292396
5900.589387313039
5407.596876733098
5372.32589392911
5860.526372903737
5897.407946985411
5560.938788574953
5160.361747211103
5927.892462174665
5271.4091676277385
5678.623595458365
5376.732022802077
5287.31579891963
5069.273875847556
5441.394603991975
5930.161825141022
5858.346327536866
5272.73943188212
5275.474615673687
5364.8092458515
5882.102893217123
5280.716288428315
5077.347554112849
5726.998013369341
5169.737066416884
5630.339291645236
5868.966572103376
5904.319326067356
5850.357231155192
5136.5636025083095
5575.607858859281
5323.37011094195
5831.703971250097
5709.11031884611
5760.404264646077
5327.209807784331
5053.9289913831635
5985.279732602206
5382.121752009297
5792.736948200648
5445.875850571152
5980.373596090388
5622.171614476168
5912.535490954736
5874.883144980751
5956.3373647321405
5431.572008390511
5990.088831167205
5570.514871569296
5220.78649005209
5976.612102413254
5973.451739188348
5423.543689890656
5931.964805117889
5613.124540553363
5000.373033509284
5075.681393642695
5567.009003287609
5867.038880713858
5866.085966911107
5474.986554796468
5381.998123684227
5495.386714862329
5210.0338687086305
5108.881764479837
5217.105703870215
5974.969432932529
5836.119990677949
5357.766645378158
5074.442576229193
5088.95386784077
5431.422967241024
5216.531577355337
5007.977812638033
5789.744539478362
5619.703154707702
5293.733457532605
5035.391547183327
5873.706984637114
5399.623463578448
5897.913016927976
5835.061290817859
5662.987455212395
5542.796795470289
5410.579404542611
5421.537159689758
5065.6702016191175
5803.4588058380405
5588.922304265075
5302.000325488123
5395.722296738239
5753.643786019438
5119.1953316085965
5170.735802435383
5752.431745517127
5752.619712625589
5872.728149841991
5384.326627420671
5781.246925593491
5203.270369015653
5223.23930524445
5573.788191096957
5427.779155804275
5093.80412906084
5057.200298767777
5010.598411042038
5837.870745220017
5062.831004987653
5297.748778491176
5973.518504043801
5364.855992030473
5046.831705033212
5497.715016337117
5659.61505332504
5194.661501494572
5305.8769087878345
5764.400499621904
5356.4144788192925
5150.542573821433
5390.130719947305
5331.673071649657
5219.842721487034
5338.42704603083
5170.759278049063
5658.074517646706
5333.309902143373
5746.7302936582655
5390.120208896245
5221.253392897078
5707.966700712062
5911.436708900729
5262.886456050119
5869.560632444359
5698.677002771692
5997.8546133148075
5418.729415165091
5383.838985819372
5034.344707778193
5919.1754811769015
5147.06248911112
5924.757117416638
5744.653499950944
5904.042934488642
5061.163570525321
5500.466915760633
5051.817324017015
5439.671173156807
5125.01929817407
5283.877841351864
5673.429121403782
5391.005300203666
5030.878826917161
5461.295377420443
5896.4123216861035
5993.259599445311
5050.36971735358
5219.226947383094
5880.109814223148
5926.1876387330785
5009.915949667394
5410.146125382099
5683.442969972455
5904.760534161163
5728.92352072476
5851.811089219695
5540.745181874371
5624.124912811181
5926.916372250307
5831.813999428914
5114.1024760459395
5155.0547158580985
5284.159296726565
5000.807026911753
5324.29358119578
5214.1118899929315
5645.319025776444
5724.674313044715
5385.7984026382455
5782.380912470976
5489.565894872318
5742.374556132337
5368.673817013448
5391.082870405551
5645.930676565751
5487.06729128657
5563.033738301491
5137.808650060032
5728.878996931999
5852.368439790922
5657.988307612309
5098.667909766528
5783.79270219119
5140.158287545404
5244.885236867713
5305.037117972428
5191.155969187678
5031.136156114537
5548.570925791864
5242.2563154493855
5060.077360309764
5134.225881741958
5693.811549341597
5123.1498951891435
5904.676370597648
5842.65132185591
5355.142350671625
5773.337646655587
5295.323786059892
5731.173364288706
5494.008169268805
5005.392489890562
5216.6185226586285
5812.407721523994
5787.710990561962
5361.147109232782
5404.871437911479
5671.450087660418
5179.957957167577
5322.131767705807
5952.60440663378
5811.322752727437
5346.939860876708
5115.997614777897
5493.528882124004
5597.987261513833
5897.455404396417
5251.116477820403
5550.745133618184
5612.476608490718
5575.465118094165
5627.126555658519
5433.134636493551
5126.9816829927395
5092.228709969266
5848.520653124534
5758.9892526369995
5143.468053196694
5491.265590325514
5865.79858971145
5648.082316634941
5000.937568892835
5202.627831264047
5920.407347648546
5745.578331909028
5512.675373760017
5139.576144402211
5403.948114357998
5351.080775231853
5251.387210996358
5482.335376128924
5186.033115406933
5680.392319001905
5405.176518164557
5586.179918934861
5013.354668688152
5054.080385279818
5245.8533049654625
5740.741202490854
5978.67384002954
5875.159373208743
5062.010654869565
5908.722747479906
5995.626416128821
5322.084190099091
5130.4508552110765
5402.630768767326
5598.930788011478
5925.021376955525
5240.231731821061
5194.06695860292
5733.8083799879805
5918.221846690907
5911.242647494105
5154.920677891817
5541.499918350621
5445.029065460018
5633.9128338617775
5263.759136655006
5136.6220171589275
5271.940848820114
5318.20826117681
5437.549400972093
5592.860014441874
5418.410673748487
5693.20890019627
5506.5498692451965
5340.122787441783
5627.9613405767695
5785.270874549185
5420.0049109223155
5372.351539325055
5683.4645210478475
5728.908060814427
5646.084118927685
5336.090439169317
5095.322361807081
5224.095635014169
5801.502475872226
5734.523261373135
5046.818441541695
5369.920136932252
5068.373792318633
5236.364065362627
5499.60070590392
5515.454865526877
5097.852448870878
5668.112237642255
5870.602306438329
5126.320873094316
5209.775697909759
5522.948757027705
5069.643454279533
5664.873676606632
5381.765518665584
5945.18592094784
5960.3551746363555
5250.777678608531
5940.835443094978
5743.309070650058
5304.864937889996
5622.282822917358
5608.121902847545
5226.000468872856
5943.824043291195
5501.1037492611695
5126.011833115558
5194.559809954971
5312.907974170887
5106.893566590682
5151.611674675337
5497.098571850836
5045.987490248839
5115.7855979927845
5987.191008472023
5019.308539667478
5270.427323622773
5487.970398727458
5121.353997025399
5520.2967241301
5585.656139971468
5917.970138690601
5450.583280056767
5964.723507545664
5299.581387869421
5191.153788519548
5045.187079283456
5142.7168668068725
5774.391881499924
5144.294921259903
5122.76597382805
5843.2782167592195
5380.66190294584
5712.128910979681
5206.502963821469
5308.744437057516
5036.476080225327
5456.031827421165
5404.672479318933
5843.050395702766
5969.18423338095
5088.592188966163
5865.472754811573
5523.820472243722
5710.5022996535845
5980.473363493734
5002.291272454667
5513.896641989292
5682.522432432465
5037.278650825277
5259.314567088573
5373.911875695122
5769.204659908539
5642.644355375177
5211.26290184624
5565.522295297261
5510.754949418197
5156.962827196874
5613.715463692462
5760.368785406726
5760.470341611407
5786.1824802926485
5335.081253138388
5989.5688807158485
5212.753454734123
5085.682095153646
5128.543612203077
5320.357371755256
5356.259366784706
5159.667648409084
5676.350403195461
5197.904603565111
5148.2188601435255
5796.617598080644
5705.8561545939865
5509.015873780863
5016.909377587198
5453.145424960807
5754.151475980422
5677.553704904266
5635.5897090706785
5407.624127374672
5950.003469860873
5077.595015802256
5822.071390262543
5403.274288153307
5150.634093734416
5233.561962441891
5842.236869951899
5077.360781116982
5625.38640528768
5047.952090947522
5393.869315137256
5448.286593374639
5611.8506830712695
5602.208272427506
5317.7130895344635
5337.902737238771
5225.5703293768065
5766.655747338124
5488.125905968673
5593.153305888234
5353.734775011661
5503.924353076127
5536.105551691882
5149.670456039936
5457.174216086628
5450.324670479359
5182.075816172773
5920.528334410423
5171.247185345265
5826.837500081037
5867.47801740883
5482.81929815989
5276.989488800144
5759.172131348965
5478.766815701817
5626.248133472282
5457.171934600454
5219.7367367336965
5020.714181632982
5632.5254901044045
5898.66303418387
5755.855393246562
5945.993770138789
5722.890076571047
5839.1724061014975
5587.859608897334
5204.721322876206
5520.501768418856
5438.870733046579
5697.3804853788
5010.466499125132
5418.114594570999
5373.931869044603
5037.388045613968
5565.921439447582
5643.8485217056605
5784.614102078641
5301.790073152726
5630.285182882547
5551.927867966351
5234.3975629510915
5683.341925486899
5715.818900549069
5401.080025384652
5304.057299807576
5221.929505307643
5104.479021135414
5128.922209407691
5778.934270662873
5574.651274071861
5857.348606859345
5668.311404095641
5150.305554474615
5603.741293996774
5756.343716146235
5466.931322128522
5614.668357448343
5613.104604681575
5509.6804540261965
5212.398252489853
5734.4828755559465
5351.995700906411
5976.979753247078
5029.548272446029
5843.331004325464
5371.098653063749
5184.0894296727465
5416.432959911126
5205.023252428219
5541.2840958406905
5807.144004618705
5484.628651425559
5923.368903572931
5362.028097430797
5449.225449624362
5372.990529500059
5361.321710769392
5177.354989815191
5009.721092711848
5648.5393964381765
5776.4379108925905
5577.17912139988
5062.766787267671
5506.697317647348
5692.958821288597
5943.049783445117
5879.060090843667
5207.470775978483
5446.914259985694
5837.419360758928
5430.0933377762985
5830.351746474064
5421.433754331451
5110.965889419588
5435.291992146926
5434.356205646888
5248.520665350269
5693.343004842565
5796.1887629988
5370.721928112634
5992.77935696321
5016.860707249348
5943.40832154968
5583.980835884409
5182.795525805401
5341.410831851067
5934.319652090508
5884.203689192716
5127.426685802417
5384.529403780142
5661.361504481227
5534.34751879112
5564.978616838502
5750.641078562772
5379.029710553486
5405.713171823823
5024.862173517484
5171.996908326544
5930.424439563845
5555.66680343178
5109.3458641985
5011.694049181396
5639.288468896583
5025.030344170222
5972.649457637413
5998.774827982269
5303.628452421411
5368.261906617158
5538.216439647858
5933.550270674858
5352.899314418639
5647.582380596999
5882.851891656119
5242.610673198195
5780.020817426206
5943.252070901315
5539.651456826374
5543.843679724608
5456.681974998887
5661.327653165874
5911.426224509905
5076.3640426912425
5155.042852389653
5835.152695248695
5806.728869313786
5252.080194933612
5373.456799798895
5651.08120458265
5738.530325157335
5173.175145161076
5680.350336039919
5619.170106661584
5932.240098306335
5006.168762489474
5341.556270284962
5358.69761658733
5315.684187803943
5217.501839854894
5670.677324341103
5927.963831265393
5499.494467418436
5825.3460666653855
5487.25942158837
5806.497890051607
5049.397250444875
5698.979568054441
5604.3751469557765
5434.730345525967
5964.969285130572
5957.486283448408
5911.606135338257
5129.170544675481
5956.675880983436
5325.745646249361
5073.265939543928
5158.769111982869
5054.733343676268
5974.3811641744405
5667.979508568648
5280.634858942129
5210.3715134668255
5231.045828829148
5513.776772177865
5128.098448936343
5798.622937979833
5183.403186559219
5685.51218233854
5247.6991541119805
5657.176600727388
5150.145329666827
5489.808792717688
5080.462146071905
5949.288246134717
5321.113981786926
5036.190762369307
5555.2324615514235
5629.386808288334
5804.785184427098
5523.5812299107265
5347.690209731979
5440.823206516727
5242.217858298952
5184.826765885415
5936.163493331236
5329.874533531867
5359.743859176579
5626.389494500575
5937.659053224666
5220.531129387396
5163.854436013509
5992.1713787595
5354.702927463614
5293.5130535925055
5080.43502561679
5935.9774568465955
5398.316019620751
5835.271567956355
5526.346148873941
5356.897063446497
5957.108214881441
5931.679851605825
5158.604267535677
5236.373044164832
5964.655529446246
5256.562356995131
5273.65068002798
5337.703713877139
5304.84129400863
5388.866793434383
5414.262822821812
5762.078774340196
5984.912823642176
5056.754880316478
5772.598079891997
5709.923659811741
5659.359294097372
5063.943790099521
5168.430367310969
5076.326512653176
5201.182290180626
5629.8776004391775
5388.874433281801
5477.642471598336
5241.932361599477
5240.085436805463
5865.515823033055
5331.037945335053
5142.105221128118
5747.0813024349545
5299.924231793688
5469.649056531862
5130.144402704915
5666.640621970922
5051.52583843158
5072.473534561363
5974.052209539226
5183.732713269114
5908.637310757051
5462.929832521233
5492.001540521995
5064.149455414397
5416.588872672787
5778.415069051114
5442.445414407932
5807.840342721642
5241.547286051973
5091.778301205561
5273.044455632935
5048.113632308419
5389.813991207311
5932.926699537589
5643.223219747613
5173.8295436753315
5331.033599453973
5016.64561118497
5569.107335533624
5320.3926550640745
5890.7414495056855
5488.124163068895
5351.313518209101
5777.248766368539
5592.1236110930295
5178.958801500113
5817.326868719798
5604.091539055334
5461.7470105634975
5409.287467786354
5173.080534442475
5469.57929995501
5191.725508543009
5277.702030975895
5239.361201936909
5320.095444399834
5233.546276837105
5618.751041820091
5804.091408217821
5463.861716008172
5390.693588747634
5272.901518721668
5615.669787732638
5919.690444432121
5992.870947409313
5395.734280137035
5138.235342528116
5682.861696196601
5901.2755960176755
5994.5688479433975
5465.500755613614
5179.4178853122075
5169.601932590471
5487.918342028385
5861.041728987866
5997.64251740545
5939.878820918164
5595.872214877063
5269.347122610845
5561.852857696784
5571.138998989483
5114.477266627664
5354.975699129241
5136.63962224793
5515.48345057841
5176.041675051931
5399.430924281932
5704.328425854723
5385.747515208281
5988.588398411013
5964.107397701357
5568.351632791522
5787.5994783490105
5801.503261432948
5717.266414175277
5240.761616631321
5029.856291655678
5693.918889797794
5707.528852348641
5773.662836331181
5824.492261070063
5650.244089828662
5206.107986863588
5595.870009454571
5481.040193775713
5148.936850866076
5156.308210312067
5312.143674804248
5538.389169209164
5764.741731919505
5322.791405718519
5881.562805976705
5747.917841002786
5749.933035537173
5172.843324005272
5584.459577148607
5726.846730651874
5295.183232780357
5960.181139303558
5919.597999715975
5418.671860046515
5972.233353572014
5776.999776020431
5821.506537054967
5710.166822915854
5150.8703858929775
5607.9863340911725
5408.990952831749
5652.149698476206
5928.401296279449
5692.971523849996
5469.936828641068
5960.414311629383
5050.265083288341
5857.630475108541
5566.44430262547
5410.283076146245
5997.373397482248
5939.596528742126
5832.700247968758
5200.971502396309
5414.868135745374
5135.866948481494
5182.624233966677
5939.241702173724
5234.537057033768
5052.095463023567
5487.304167224915
5248.506418940451
5407.867576497838
5218.024342032331
5523.352987900854
5434.04996095651
5642.235758142465
5255.2445408584
5946.473046374316
5517.757715382012
5105.04728876991
5023.164086657832
5459.580633455403
5346.92428742599
5265.1747536712455
5268.632177716658
5961.925252932438
5666.349099934136
5771.89983553253
5356.764096320245
5591.701091540142
5192.81655452468
5486.63122423919
5831.253591763258
5473.594480333114
5892.576956422784
5566.9022669583255
5439.112187144432
5235.010733155623
5928.9977384277045
5335.438844192658
5581.2400220277905
5943.812557607976
5277.056754559066
5119.079411487703
5347.058585002993
5875.132008012889
5487.161841528581
5593.65946621238
5392.387616689695
5371.985738968291
5406.976311546826
5075.001035548515
5508.6434847741675
5622.456036840145
5445.706903575996
5472.3151389143495
5635.068726737767
5930.40796922434
5840.483654317935
5448.624357019497
5850.839953982262
5444.920288484824
5060.5381367513055
5453.641221658408
5108.290438584557
5072.429155258864
5793.902314660342
5148.938569623252
5319.553056985428
5796.160334425734
5036.59088431306
5856.19799900942
5785.081601045441
5045.7545689818435
5067.873706939596
5816.602161350159
5260.501253916023
5231.366813841632
5806.0183050437245
5009.78920015778
5482.011899381248
5298.311585938338
5542.289249519618
5832.171464680621
5004.948646275569
5245.606558029637
5737.249620005357
5816.183497681796
5217.465272286295
5236.2963129013
5083.782311710319
5603.559284531115
5582.916978782726
5215.524929602544
5207.426025002092
5488.906714743145
5099.1527876467835
5516.898955418216
5373.889490033186
5955.633789428057
5473.556120210629
5603.180237901875
5217.357864888725
5384.334549728771
5520.302398749261
5638.504701793112
5063.17881000513
5818.817984935798
5704.990118646549
5428.520329146823
5409.526696187092
5217.375682528657
5894.8797791417355
5505.071910251139
5243.786402457388
5425.915851655701
5600.727551056366
5253.165200429875
5287.94480529531
5842.464943860613
5391.934658045483
5644.462626698509
5318.563095940085
5809.927056548117
5585.805286041062
5439.630417298908
5228.69885638424
5725.209506484378
5943.603350837148
5005.716876467461
5211.149583309824
5858.384162371075
5038.276949033535
5605.265700451189
5928.587603391867
5436.590846318896
5806.094379748638
5612.997259664114
5792.88846908594
5879.602539942914
5238.81205790294
5585.64914601186
5627.258850550123
5634.42412511293
5580.186242202429
5537.666540806672
5104.656853225866
5652.163151818522
5964.060702803691
5007.866656216207
5385.020162120988
5870.821711102351
5611.04991844579
5287.514748436628
5416.8343177220695
5884.620211797868
5697.437454549132
5450.933193053918
5495.445268113739
5402.255723810127
5743.027834753443
5886.909970443456
5127.939980819406
5645.76319224027
5715.395608427058
5014.023016433547
5727.578896358736
5550.629718264612
5468.843229431938
5416.498469217071
5724.268010583784
5829.083816880093
5675.06931663756
5131.0849687048185
5435.8875764859085
5057.997685715078
5431.602939886368
