5101.903133967722
5258.38884897076
5168.134005380197
5734.409088643395
5864.362583472377
5419.390416940318
5396.690778403634
5287.3532059685085
5480.308538561415
5316.224766102556
5492.653382775972
5502.199501156442
5872.470005645551
5611.477005227535
5762.037628506383
5497.123003227742
5161.633575969921
5745.867699757408
5540.277365490135
5642.3002204362265
5509.399703080337
5673.550663728829
5260.3942026072455
5579.288148199445
5622.284731677123
5153.965743541477
5476.739302068746
5731.544340001651
5101.295903740314
5589.9758504521
5152.636884534036
5344.432950986909
5372.606024998578
5238.66028378616
5405.113804963115
5551.5323841107975
5922.940128897052
5392.729341980297
5176.86719346913
5486.537176198052
5725.751095838861
5574.930543082278
5651.598060703997
5501.515122340428
5293.565611899455
5874.962555877361
5991.685380171112
5045.718317501302
5820.196325003874
5967.465105295988
5598.340887408132
5758.020672626212
5569.435134299915
5252.995486608203
5325.219696580407
5389.130886232186
5655.771030494817
5553.080236684926
5381.327120209742
5905.050627149902
5591.969276040067
5999.792068267115
5554.338920858246
5423.694376280009
5807.17398514147
5543.517638397766
5123.417465549021
5520.214516899197
5893.8458331776455
5806.546254049004
5177.432358458764
5130.928854455975
5822.369626644101
5384.611844509349
5680.60507433219
5182.045189249796
5414.956431991996
5294.755609267338
5331.321344148764
5572.574317674798
5236.438677316425
5374.8241921376275
5424.48523424566
5445.020559272843
5339.057315630801
5159.717621041184
5254.633676556617
5751.938579727518
5726.416061993141
5235.751696054758
5940.869413115194
5699.733545679755
5934.204865337638
5202.056941442845
5865.217442203763
5519.206437284985
5308.036017558276
5501.583012852041
5318.340041678337
5999.447408587594
5989.427409081519
5216.149157069535
5523.510015087058
5560.030295370336
5166.9575157565705
5371.377785076023
5474.237011937807
5947.318077904041
5616.4367637650075
5612.092177612172
5411.9794725252295
5739.1320078979825
5969.890105764491
5941.853978661882
5547.755838968349
5289.50189522296
5644.098367451791
5224.729836666993
5855.815333684035
5064.07734525539
5842.567033448815
5776.561374212362
5000.47893818619
5863.796166484529
5403.134387263218
5795.346983026366
5696.066695647843
5775.739211264346
5902.954348018594
5516.924729825637
5592.091961564826
5970.719264367388
5361.593606714984
5356.999804428717
5740.976012892007
5020.719737759991
5194.999056746757
5359.387337231028
5965.503273533204
5096.3570043343925
5377.501406758767
5985.085302318158
5505.046406677842
5131.234076144239
5342.845357417539
5011.578865496312
5802.443110417249
5304.569616074881
5698.94814216428
5941.9436285711645
5621.053284353877
5189.62164559116
5052.801671104177
5532.778341915097
5561.518580875424
5779.920833046932
5102.87104858182
5730.873851890715
5759.138092813276
5191.335569830841
5271.809546799408
5713.15336456984
5224.392038325941
5142.224211064197
5513.050405614018
5479.039562149743
5790.436300377724
5450.161310744716
5457.622917150064
5853.551934473382
5527.017439226869
5752.618459868224
5352.318610964408
5293.918109045449
5727.280177948251
5291.602791219894
5160.637655780982
5517.618687078815
5165.351067214258
5118.5607909986675
5859.16915397601
5229.225238120859
5922.027159588488
5740.392995602388
5776.726967686294
5857.67817956101
5152.266036999094
5503.734509911497
5161.340455671774
5509.486923883558
5026.884228554072
5032.831038092953
5328.555232730629
5235.0512079875425
5229.042186087493
5921.751208613463
5144.240149107803
5270.48361547432
5659.336384973711
5835.7053274841655
5477.6072615937355
5428.261040593111
5569.358293427947
5892.535689688268
5011.043884659834
5845.683863936058
5874.233475583375
5138.555770771382
5152.706015100589
5626.273451812327
5937.434726964849
5989.127295766063
5088.596917271532
5904.68368630429
5414.837148173858
5024.022468405918
5728.262685157658
5076.716923730942
5639.249893328299
5633.967107459232
5163.645888867218
5541.412115027226
5746.977119835739
5961.42458545962
5717.796226952366
5338.546915814991
5452.589448634703
5630.093228151471
5408.812803991224
5473.801119562697
5786.250439921832
5496.402370601448
5695.533974106125
5889.137052052807
5109.443163650144
5639.361320952402
5180.130069983434
5883.846331080988
5760.105805220156
5192.853229078652
5271.313611349614
5527.0908050930575
5567.384101617256
5438.540516899021
5100.332146886741
5006.113802232733
5768.377569990619
5163.070142103367
5264.649709272692
5734.925159344164
5836.486449743228
5089.62651419255
5243.580271395391
5881.02661026702
5219.730734458358
5893.77602076805
5795.280919450281
5463.589385576247
5898.176787235144
5997.290877302805
5146.415187544261
5338.803833303837
5434.761188331152
5695.912630552149
5300.596772444947
5444.89011234706
5340.358849185815
5063.298794421331
5474.103937367094
5230.127862097424
5063.079832618047
5891.112868333094
5677.235418209225
5098.456976316048
5731.90466201076
5491.767011081058
5167.505058363198
5613.696051002006
5053.698272341841
5966.161238134138
5097.329121597336
5922.750880282801
5806.241503160947
5334.549181250982
5650.340748762135
5162.010470320682
5820.477855580514
5604.7242476772435
5485.167084171508
5407.103059774369
5724.875153534105
5158.6540862989905
5439.16033203723
5077.067767547715
5449.764368322505
5922.955610378299
5427.079795109584
5619.550057408453
5579.597905744214
5114.837710067612
5950.437104457049
5141.71956443659
5151.732953379522
5197.38188151762
5386.593798463784
5059.633486420978
5974.073961850879
5313.774392627209
5255.494904308273
5556.4230623527255
5253.363624139102
5086.681486493285
5681.668302518516
5561.992431184375
5876.465732877913
5327.305913869954
5843.718280912617
5673.037320153388
5069.980247934788
5344.041619667159
5021.246134328337
5836.268927267537
5859.982895044556
5924.890238989591
5923.675200890299
5362.752640070221
5693.710308987166
5429.098278928831
5459.931776759351
5926.654129642783
5668.672996954766
5489.21028467056
5300.846994695072
5952.404412268854
5879.388849632756
5923.710823970141
5265.199319772777
5885.546650984523
5833.062103127574
5909.916188693371
5417.496547226103
5773.665396328013
5432.29566995574
5708.71795887225
5994.985701411958
5988.769030481439
5990.581306830172
5262.242338097115
5402.498097846168
5141.142004900199
5259.543529123611
5716.631676097182
5024.8472433659035
5204.220962875626
5666.154443467558
5128.127918551292
5643.732573341689
5961.149689765228
5435.091635595161
5483.363568693874
5725.538074725168
5309.797652214672
5138.054944399842
5138.699870898682
5041.684384304323
5485.977961633752
5157.249378800615
5379.775131525503
5681.755853476283
5230.49532694546
5233.513362857743
5864.763554150196
5826.429699869034
5970.344076712739
5132.022576931279
5234.660517520108
5336.356576380748
5236.280523199478
5491.267480563379
5412.483273132486
5898.981595015695
5722.425177198512
5713.958652966542
5039.268015190232
5180.805975382076
5730.067508838571
5885.940291165351
5274.598877744253
5777.95751110238
5435.367381910443
5417.345030510708
5211.680907011895
5877.820514245577
5677.056425327628
5384.058619491583
5995.175000416135
5110.803182665811
5490.548437005053
5199.324496498571
5880.816915758469
5885.085914642796
5711.938969461893
5459.853062231858
5248.5647637567645
5801.40561248331
5492.628205279109
5951.0458765743615
5438.837564489712
5237.090883062357
5836.229211464271
5105.713975616511
5213.588286618136
5715.7534594543
5480.134974242518
5188.078269844155
5624.532661320996
5804.34146543442
5464.661287697505
5474.207793835268
5115.924652582322
5963.33559354372
5233.608636616858
5179.898298350622
5739.399918050997
5721.974132895908
5377.448852172106
5946.326319325713
5539.049308101428
5259.542721650825
5009.169549882985
5199.7437769529415
5105.141034589247
5864.211377176183
5666.735164579813
5601.133217859131
5872.355233803875
5793.766401020663
5906.238806546668
5104.759458019626
5994.558719803149
5450.544456678254
5788.8042512679585
5649.633265597507
5873.795320950566
5479.8702480743395
5142.611337318008
5230.657796016772
5331.55482315579
5750.6191296633715
5448.523843910376
5287.206911958807
5829.262460450545
5499.304672542315
5503.227404842378
5050.993057556701
5519.413913119972
5199.539286714823
5090.819508797506
5291.491738077341
5210.194761134893
5673.810720550337
5640.66523811847
5892.038312766631
5996.954688837343
5316.746300122066
5990.09927710915
5428.8856524339235
5250.357637172619
5979.058654647508
5336.236459320603
5093.422967731678
5222.6390852330005
5337.212212333012
5740.689642387804
5517.581690811892
5060.749030194594
5008.970423326601
5055.2875666194905
5936.986524116659
5396.804372709923
5841.473108981355
5808.821119305387
5180.361538928216
5084.978092479712
5784.933723721606
5000.63861586176
5510.579041378497
5099.288548260536
5133.347097872253
5964.52812968866
5951.229825351817
5368.43013636153
5103.357782945993
5952.693188660868
5979.3850162906065
5353.5288635096385
5588.629020002263
5865.392671604388
5088.708725458074
5829.3964165814305
5239.1067414299105
5940.889805074182
5114.205470957481
5993.453211205153
5930.120616360984
5489.097312722211
5087.263286907529
5351.126299377069
5110.526207456647
5122.333619048251
5955.545589544854
5002.5320440693495
5093.396493902922
5079.464719798276
5848.0231410807
5546.28593410967
5550.322252439238
5936.385613198357
5626.455888475223
5318.681787763082
5616.064979640173
5739.589296449348
5707.38797422754
5293.422847875136
5545.817382324662
5115.184382653557
5728.562355828635
5137.40796453083
5833.685288592502
5468.4265653945
5832.007984692494
5609.279881757368
5249.471514323087
5789.54604763438
5586.815655751425
5919.787251278093
5341.805312115105
5898.427182502512
5088.30522995138
5604.990248158483
5241.45266937627
5384.2999438220895
5524.055570644265
5322.130344357939
5106.333953079689
5479.649869720336
5985.92536508074
5562.190528933434
5385.684053820298
5697.495208405925
5842.2541706791035
5447.661372884157
5935.146651877169
5094.439288375554
5450.151549325116
5457.184605048983
5479.544930149737
5585.963988691732
5986.9120191413995
5213.476112787622
5341.707534347469
5284.972826619116
5302.532335426533
5779.587190818086
5877.426097560124
5377.0498579915875
5991.863373441585
5313.17653720411
5561.617999383669
5464.306422668271
5324.830180608208
5877.668899620211
5203.2851210347935
5947.175957374181
5983.462182641349
5915.19944768871
5076.060567651793
5884.893741167772
5808.327579061011
5492.282556588025
5581.580181477526
5212.41037240421
5160.268602876646
5017.28870781779
5119.898970141055
5290.231906758269
5308.815846916261
5421.456173852045
5337.118581347653
5760.924768308039
5823.4758712552875
5025.8083584837805
5765.305367997978
5271.225509137868
5847.165268141968
5655.46333545007
5127.9859349363705
5816.095857207934
5783.307220229985
5126.511756827711
5944.703049255964
5418.037065430324
5429.655023925527
5851.373078140039
5734.047167678234
5367.76601487577
5034.738864932216
5135.986500406924
5517.825391313933
5539.685285973632
5244.057385504979
5337.056411205123
5269.034426460668
5908.709614282607
5917.344217385683
5784.829449191423
5706.305150182709
5730.310138270726
5356.779660169776
5715.397851757891
5325.980048124366
5247.737065794304
5979.7900933147175
5105.753903902088
5358.078432359476
5411.791443888317
5864.984459473788
5353.348194086584
5243.333597567182
5390.900632021429
5282.615579447512
5963.082569378715
5478.753530995413
5010.499621165911
5336.5878344621415
5639.5184237732765
5845.586121162582
5259.552074475125
5262.238189226678
5287.872421062588
5174.280183314994
5170.794975004298
5854.898630623025
5676.628428686509
5464.441639248179
5898.713946281331
5497.781491576637
5101.933420573861
5881.311414003908
5328.993094925769
5711.385000214729
5879.114560051003
5797.099406649507
5195.615367253222
5574.195322149489
5529.261639902712
5970.0629477467055
5284.728554618598
5233.4749301868305
5559.684309392963
5410.607376352665
5462.8283944549485
5335.516167204114
5958.617167907435
5924.586750508853
5627.4230507665325
5969.120508645298
5149.36669622981
5868.110682225371
5923.116311879762
5629.550436309906
5475.209536953728
5554.950502257105
5792.608564285039
5507.286802264118
5769.753017271752
5701.281657768866
5061.952998354537
5694.215968484535
5345.162923151722
5024.056744860186
5501.07167882018
5001.713212071676
5297.861729472471
5911.99267124152
5549.949726338103
5109.528462176706
5712.364779474883
5731.116625524626
5036.882463588648
5029.004265984957
5498.9060009318355
5098.262922087381
5490.950261985589
5483.231842378845
5623.212789236282
5245.01491212962
5593.2326459213955
5152.5602836039
5673.488502607021
5905.425208636894
5030.879163706657
5267.516812184533
5681.824618320757
5475.308638286514
5462.065837156148
5081.769595382416
5572.78389546112
5145.852278871487
5294.690767471568
5911.915538834705
5064.711269353473
5712.7689989726605
5832.559481839648
5053.098749510251
5413.136330503731
5977.088227336566
5108.587881703987
5680.4498837389665
5302.5221140123385
5179.582114615818
5146.754881633737
5695.464079289988
5635.017083730829
5944.293365010119
5990.95691539138
5505.135137262834
5182.17120164979
5921.8878972175235
5599.420019712321
5218.034191613621
5854.100965657195
5665.524879883056
5283.618615980187
5861.025961926761
5908.493310024366
5535.859060010054
5666.334974241816
5833.468199906893
5267.805028705401
5648.014543488888
5150.22515875158
5201.502043380023
5233.121942257809
5735.560440845224
5514.354453855986
5232.674344369781
5523.3035123753825
5684.377693032354
5036.219159587344
5020.172647369978
5928.734203535298
5457.570102507321
5585.848992610821
5433.507517298646
5784.782936994197
5291.775202742043
5740.739752689142
5578.124451285215
5724.602913534198
5435.445561509891
5351.448386973898
5570.550166569819
5994.200350180874
5648.715892970963
5225.305167115911
5276.217083359485
5580.180985450087
5937.284084764944
5071.893003484816
5713.657733496775
5148.424275112071
5622.36928526904
5073.8924729239025
5321.623824055569
5373.147732747356
5625.668472147456
5894.133611218735
5466.077553668881
5941.655582292479
5960.413907177616
5265.624499322747
5949.924777356244
5041.647729521849
5570.007681925619
5191.840103825858
5356.904418603922
5760.863303838863
5729.032546596944
5172.650268250944
5542.590707832822
5927.146514917893
5069.199941833009
5180.701744233072
5044.251730064518
5621.295347414705
5042.345272860827
5031.678939995986
5653.078553659547
5280.316048481076
5046.119534420413
5841.475474489474
5688.686501147822
5607.281727366578
5053.68586942062
5136.842132467489
5811.203710169085
5156.508915193165
5934.451384428732
5808.392270739706
5042.697443846898
5563.184177320039
5282.978783188117
5711.481541075405
5544.688789061224
5686.721209678708
5970.218505748726
5699.038356121524
5153.392644407453
5644.604205646962
5584.582772419071
5589.751727918948
5370.970770748469
5175.098327490633
5986.622798808585
5087.806497060921
5699.5648011902595
5431.409184792524
5767.934911579308
5705.850285531735
5487.591892249895
5524.465703885911
5246.383919111274
5435.710924806129
5261.487192940207
5190.9041145899655
5868.579157014894
5304.414408079983
5330.419626445404
5800.722338762907
5811.451165653418
5158.26983381203
5230.40529389288
5069.345171170985
5997.426491952202
5596.694276240745
5611.604161102569
5874.73333471092
5228.396696492261
5303.591792478978
5265.0196609490495
5784.95551988406
5906.411253831975
5408.782825127196
5070.491681913452
5639.71953972703
5821.274265535508
5918.7391616069135
5343.833048117562
5451.045468447986
5408.255778357118
5288.8599657269715
5674.270570811249
5562.235563655748
5217.397825036116
5334.845211728275
5942.424095270753
5970.551992284874
5890.70510993993
5301.644962237133
5388.328133704588
5691.9822621548665
5044.737220330787
5762.92643896554
5520.297218621746
5879.247915109456
5693.848575945979
5726.195095459497
5314.4014178290245
5344.673064223956
5876.831635128062
5244.665264914734
5427.479490879627
5765.428452031332
5783.6952632135435
5739.176471019661
5374.08623727709
5305.044447339098
5451.542699026627
5701.667012209279
5390.903284341148
5121.613731665344
5568.677991897164
5115.244072457648
5976.504419073488
5818.771039375353
5600.526172331979
5870.617688839766
5712.382877851243
5356.535704373078
5554.823029564087
5060.132913556599
5859.919950625945
5051.089236413686
5073.604706541636
5411.2404177201615
5767.840022408009
5347.272944256844
5200.275699128719
5731.749253853746
5080.672269741983
5366.653947304299
5572.837425250498
5207.998811197724
5947.555632865604
5170.070911858234
5316.133837908078
5012.446680510679
5526.462627012651
5910.591689542986
5574.280150925559
5203.748141382802
5427.348011161788
5040.949672575818
5510.460260214803
5893.661431150908
5287.114102697759
5733.065653021878
5381.8052534182425
5419.223527226362
5573.502136586216
5086.398685570035
5136.689205680957
5606.4343439292825
5261.67038306076
5087.932583940557
5902.222861724672
5101.797673291881
5928.672327327455
5538.320947979457
5118.526975104141
5116.262350797403
5318.822228069254
5467.521332753457
5763.220175701766
5230.414392352329
5182.740157222388
5731.593050484804
5967.023558571595
5553.83337555299
5905.418548256371
5647.157836863777
5937.065529173149
5720.797287478532
5934.773477655733
5433.799829800005
5408.056729246027
5737.104572039624
5010.408346200421
5442.717466743562
5263.519805644243
5100.438064789197
5980.754421349313
5115.555407026143
5262.841417039209
5578.53708882138
5066.272440414104
5096.232824667495
5427.379435247227
5130.895155357848
5557.224417959469
5939.241202193542
5227.040535235714
5170.976720448548
5966.644623436453
5477.736519798909
5293.162787706809
5878.129071742978
5208.904972902353
5225.487919394823
5791.649853921449
5226.522109558976
5682.279227791429
5637.971143236988
5970.653216121099
5105.647949952824
5832.233741391359
5410.663076085287
5968.328909590384
5743.91902054204
5921.682583460231
5390.372007450131
5099.471549987545
5826.710046311061
5435.122021721166
5503.237766315103
5580.257058979525
5843.670794375041
5148.085777568733
5041.8910684338425
5408.322674996496
5708.237449633472
5624.495852039186
5292.019106340003
5234.195081146973
5985.150517133899
5903.242159535726
5498.884639894342
5191.176688870141
5888.539765104885
5273.781195408473
5274.150932499099
5999.313548300252
5101.215777189574
5701.6065690576825
5470.99113277485
5234.454892292672
5162.408686744489
5441.951361319886
5125.61705016292
5416.5729352476865
5041.123394921754
5216.1990990491195
5136.182035191766
5741.189022576864
5877.410045560611
5059.220436890141
5725.128035887243
5307.385572894383
5002.830949312884
5364.55473752044
5035.0330039757855
5045.80243560926
5432.674150171792
5604.297861043847
5964.060999471774
5456.206287070776
5909.781639437446
5061.16033278339
5111.7769735604925
5554.960211758459
5629.960177844141
5349.323746504134
5961.31337646004
5449.215556495825
5590.410942575359
