0.18717247650473687
0.3070459913342687
0.27337837520136954
0.4203426733889183
0.3959362581242172
0.25678049340858344
0.46356824656847917
0.452364362610293
0.24736723270605587
0.4032218501208097
0.44961118351446105
0.14154872703643867
0.24902576140412563
0.24152306796680137
0.15315735795455301
0.13321045346243957
0.2757000062577548
0.26890367178876035
0.22609727841530225
0.1813962981138746
0.193629742222116
0.1518149572538249
0.46820806136974413
0.33324759014747984
0.24526248100268125
0.4336737800830427
0.1562056005580406
0.10827531954203873
0.39541163081178043
0.1268055404618952
0.1977828567520449
0.16366268515655472
0.2840004692157345
0.3107731594741585
0.40046654944312865
0.3096794643343202
0.2049808229864727
0.1446421967040942
0.13354019427952407
0.3555448911330914
0.3904040096724878
0.1378593020909941
0.42001139744766947
0.39175464806418103
0.4229259402577219
0.12235528792870834
0.49219346587918766
0.16274067601697922
0.134893832852028
0.216502971991673
0.37707972853063576
0.26687462048579347
0.24324261150954182
0.11968473727142831
0.29561097679191706
0.23987149884968592
0.2600522181500532
0.23647255140057055
0.2786636476615639
0.3490812292473882
0.44358977879026307
0.4675288921851607
0.4358560715774098
0.23561555583595922
0.19630973996195708
0.20453329146157714
0.11490116718959086
0.286337796443358
0.3800244642092633
0.3377698044416796
0.4601677251390116
0.25472045746981925
0.15299442866137927
0.13348364582389288
0.4023808990992508
0.3219322434590042
0.2074489086832244
0.4876190842347702
0.2792774355101645
0.49780511997553556
0.16228090409337947
0.4430878827756185
0.12329367817054959
0.14725207843927413
0.4026881380784296
0.150874660545264
0.3235707708793297
0.49500247923337837
0.32606779178732437
0.3770987499454951
0.10045844083651075
0.4965469158862881
0.14915554533666248
0.4942041549409488
0.2496809975344826
0.3145870877224286
0.2653799012770064
0.43173956522054246
0.3189861060239714
0.13208664593750613
0.11919446804858831
0.20748550908914334
0.4873764958568584
0.16384639358789413
0.2813041390586218
0.41553683846353984
0.2900384695127529
0.10376152298398807
0.15258078825794721
0.4939730725697511
0.1175091291276209
0.34195214373668337
0.11736800448773264
0.46945074492228445
0.3937280366746846
0.12047196582885121
0.4499963539268319
0.1420400371400494
0.34298088646822983
0.4476594026767956
0.42728193479279897
0.44177095657233934
0.293175493242147
0.20424651710522565
0.2218172201296189
0.2258524624300222
0.3234791545881949
0.461221415003366
0.35584442567548824
0.18898970523439532
0.2880792267688493
0.35926846741538176
0.15763253608180886
0.12425684204517742
0.3731701384026822
0.2419540014552446
0.4871771983590194
0.11036986571603867
0.1669870936155481
0.11058668618303834
0.30369146887348825
0.3952434169924227
0.46361649706756003
0.4683283670431424
0.14135092439225666
0.25311570417476326
0.3069425905820745
0.23292114359215832
0.4418015712695553
0.458556998893469
0.16554179808879643
0.1971056370066116
0.34702702776229766
0.34109921651808517
0.31239391984833775
0.386078358646602
0.49779548581552324
0.25183604039186325
0.22751611127703578
0.3972298237396601
0.4613363382068959
0.16894575725838545
0.2162753270668566
0.16459302338925025
0.4560984166313189
0.16264259407228168
0.31872523358371463
0.4322446215886969
0.26290125859383573
0.10243549577208669
0.12501145211000408
0.34577231768002925
0.1510154361073649
0.23948443530051244
0.3911971736334712
0.3914401803282521
0.4330822318005635
0.28598917216326686
0.1740211797882888
0.3285362809443138
0.17403880131270755
0.34925138397170385
0.27356830262507037
0.4223984478662205
0.4571059969962591
0.1812037347217495
0.2284705330597434
0.305289345836806
0.3919519803798288
0.2526047133951609
0.4071687699817933
0.2879014141519255
0.2947899531030836
0.2963086928608788
0.44913736075252064
0.25269340518813566
0.17912521884528956
0.34000693103041524
0.28612948406465266
0.1560135741341509
0.1606220388658547
0.3031407168696927
0.20165665961663803
0.3395123896086971
0.23982939434650186
0.45540996801737066
0.1779411853443893
0.49022534979289
0.17442157179363305
0.42980111527830134
0.3359163542137775
0.19133164896034974
0.2065832264023845
0.2431055088637627
0.14153609395054556
0.32281880983267863
0.12642279808558055
0.4575591252736181
0.4731635729910746
0.305697869378034
0.3244289720574566
0.3915527864318801
0.1818099074048412
0.20218709600711726
0.49673637183748864
0.11574031626184103
0.35885949374435433
0.38373789760773525
0.2483972465313023
0.14285416361865316
0.35611018450263443
0.3852184012257479
0.1589731469479237
0.49650044337982335
0.49361389494337515
0.2005740969765414
0.3500992284892118
0.3619906141562367
0.39390508500420196
0.3745544820510187
0.14285475784573173
0.17568247084499347
0.38678005738551136
0.4247979738219152
0.31878205376050645
0.39667828685309214
0.45072812112005567
0.2201042295469527
0.3087497624314253
0.20650034394995276
0.45957558617914696
0.39563764910140375
0.1890960891684531
0.14742220438220205
0.21850472477782215
0.4124920424903733
0.47726503532910725
0.20358128531350142
0.20484203862988093
0.28814781395596634
0.4740220734844146
0.4334093791512218
0.27340194589430256
0.4194805876139902
0.4818568406590352
0.49570379954504296
0.4444883613811349
0.2291202505372974
0.18057088869548524
0.11225278739011375
0.43051172620675116
0.38345585721818676
0.12227747798232641
0.45924736057348114
0.22170466488450097
0.4999421229975153
0.4876558090484845
0.20988345711729006
0.1945820313910247
0.23943753271898488
0.429536060231543
0.4288790351513746
0.49921779835599633
0.22840153511608144
0.4601525195245225
0.14467094721015206
0.27984251809528066
0.11441047416848336
0.20398426016535676
0.18266981343787003
0.4036446218973585
0.25854004559886035
0.26979303018571577
0.18328626561361389
0.1841170942788044
0.20189267426503743
0.2503368041275319
0.1601684843086718
0.4211891589893534
0.4815086339843979
0.28342718288489543
0.31433317893258744
0.2829000503883191
0.403343295634068
0.1365863764362445
0.12504150747013304
0.19925701743817817
0.21969073944299
0.31665823520056824
0.47181054932711697
0.42859310960954433
0.35318885952811685
0.2021025728236189
0.17575877893227
0.49521603374619083
0.40437766692323096
0.16395340937388792
0.4059579759754366
0.3703214541033846
0.12876240035690298
0.31191873065430614
0.48419953771191127
0.49662865314156146
0.38426189541666544
0.1207073920825966
0.38798389549059253
0.2302420227641171
0.11619667574443389
0.3485005375972382
0.1359072740502883
0.43946490028788343
0.33472273231021804
0.1095585663876578
0.19232248852720646
0.35893590524085217
0.2466849513939994
0.4671110252698386
0.20792773371731982
0.10200038205871885
0.2975915834815479
0.1679206208907914
0.3060442148103722
0.13294668843512467
0.1900814848194448
0.433821362578644
0.39267636046227794
0.1759185450913531
0.3796086846387339
0.4751439949406744
0.40227462474093634
0.13494247729994654
0.4723361293569831
0.44972971060815203
0.4953707103765661
0.1505346574068181
0.22636932569929838
0.3548461314440725
0.4504128716710184
0.16839879433870297
0.1133178541554639
0.28537741630161817
0.17675621546886036
0.12184649644247841
0.14120335157583264
0.18360809063147127
0.15239307543385816
0.27312804203198715
0.35790947816197705
0.4137044327072349
0.1582339904770541
0.36632881103511095
0.32428087501532354
0.2314744418336043
0.3865265027299505
0.4016360509898661
0.45888301010166477
0.4380051176157116
0.4479152812557746
0.4910161325427852
0.11585015166653814
0.4337349750111553
0.37083470471830704
0.19830587030566904
0.45939931224649166
0.45811289456454973
0.3185845244511589
0.2007928834882777
0.294129976030832
0.33400077658653426
0.1721342665014287
0.2685944566226972
0.46396211941612076
0.39862291096421787
0.24819524108273194
0.20482086291885213
0.48080231215561786
0.37706454434071646
0.23747948931357948
0.13824417082397142
0.40411230300310264
0.4349137010414891
0.4636545095030473
0.30863664260608786
0.4884683915760094
0.27632589820425324
0.35511415836256444
0.18682091970256645
0.2660288436749968
0.45904119289261003
0.47910801410125414
0.2069260062660766
0.37984849322074177
0.23659285444312583
0.22521941825525574
0.2899494494245577
0.12908219425467615
0.27463364975897797
0.14201908744055994
0.4121620018930513
0.47763927466632594
0.45889572271937296
0.2230202139094417
0.20419180337257964
0.41127118791659534
0.39154366927919715
0.13314790449054598
0.15326273040158736
0.12050659387605536
0.12292668634122515
0.26709928747692724
0.41173580884625105
0.1549136222229427
0.44043880511124145
0.4901198087480265
0.364015869404417
0.4395091106993082
0.17770871613006978
0.16135391643821198
0.3552832452081309
0.27667603731040713
0.1949221054253324
0.3883540228852178
0.31743433147019245
0.11769108982635862
0.2824258337918202
0.17181855372370528
0.3809481704664507
0.1882780257154734
0.18388528405758345
0.3481337369677209
0.27431532121914937
0.33613923879787017
0.2899078166497051
0.1386525585226872
0.3037702427385652
0.10801449060017752
0.1193485633270838
0.15711689103149512
0.2909103075395524
0.24741468911429867
0.49832879444203904
0.23107272609366336
0.3670782539555232
0.1734987891758591
0.23221380956370583
0.30232250634219204
0.27644818615874567
0.43739474730818106
0.11773569367575992
0.3645646961026031
0.16817339877393028
0.38707763723102406
0.1999373561881512
0.2891322720077356
0.34064111955485943
0.454045116875226
0.4116853127233421
0.4876152189874713
0.3317835473552879
0.3079527462456143
0.30660769696816204
0.17489878766744762
0.33293213999080506
0.22324108965108655
0.24694350656881983
0.110345488992404
0.10420015734479003
0.2458289014417984
0.28661961750830073
0.24449621894521428
0.2838096238278156
0.2840650027869205
0.15444920938977288
0.29242931270121475
0.282656568407824
0.1301451578670735
0.4179608892587
0.3663332851491671
0.16865025395218491
0.37527441049893717
0.4819116408392593
0.19405554856702617
0.39062286398418833
0.24145854175526904
0.11178407252824796
0.2725089559358376
0.37015801997969
0.2692549369382074
0.3372548123036181
0.13892213513552756
0.4621081372991275
0.22028735240507202
0.1562165929566989
0.20942404149275698
0.19765072110706972
0.4400846513535752
0.2416657759577568
0.12444499176827631
0.23112132857637113
0.23877219238609682
0.31893033143028693
0.1517071436379891
0.4553811685250154
0.35677410171880974
0.4804066030817957
0.18480172559545727
0.45438298448886005
0.46636752389003366
0.29640671730801593
0.1868816351011774
0.409860187737348
0.1046892608816449
0.35213701751533477
0.4205730279560329
0.23776549648380163
0.34880377164271376
0.1958189401517542
0.280403779132936
0.352246596911988
0.3274859034786487
0.40128525227250356
0.149886718179393
0.15414265063327615
0.32869115828001005
0.44131183521349027
0.3411765905865638
0.21209033009384953
0.37098238341338174
0.2348457718589023
0.3715587032318829
0.25535441475142606
0.25076242354391953
0.15772292273487964
0.39699749999875233
0.29904158561734595
0.3530684093874633
0.20797402327564038
0.17364036874048078
0.2709430350395511
0.18776849586495362
0.4770505078476114
0.4036539023721172
0.48101263917522974
0.3724983431097202
0.2651932378870704
0.23147175205590087
0.4446169835584076
0.32599652464527695
0.37013304416430715
0.4623189452106272
0.36454616037091614
0.1474302601183561
0.26989017815711663
0.17683895960887278
0.18701288475057273
0.3471813828607675
0.13145946657488633
0.45259451124781513
0.274050563395961
0.22429268686889686
0.4024826515833616
0.3103164092872994
0.33059937240020254
0.44356338751045954
0.2921201816395587
0.2854187028572348
0.49613281157543054
0.44156620470087915
0.2260854788194586
0.24542789486013283
0.23029964181490478
0.216636033610926
0.2865399693785789
0.1553244754873144
0.17812156354228206
0.3951178855086087
0.3766340250027911
0.1576338669302449
0.24327782120819058
0.3035790670473514
0.42450251280263407
0.4931328636747728
0.19463052069740572
0.35500753659580686
0.2576088799021597
0.39513452431075335
0.37505261680833046
0.41618060078764296
0.39333494195846674
0.422183972871612
0.14539387889216357
0.40005968137319026
0.17515450887779296
0.4236067610428371
0.14679541287734696
0.3814091259606063
0.221980200114135
0.39648555448146605
0.36328179640127756
0.4476378350973641
0.4692497216251751
0.39683084132517676
0.3404153729756495
0.30766661117010063
0.2550078048927758
0.22707920060698386
0.2742580311513061
0.15023585570429254
0.4648955932524167
0.2470167080750869
0.39371003295555584
0.41281045693913765
0.3857883809763838
0.4570935116505155
0.16586034197631033
0.24640002838510494
0.28387154408032567
0.4020892354433062
0.4166528124215061
0.20667661795079437
0.17352480016362382
0.4093898288577268
0.22149408870277806
0.2084446872591936
0.31901826402642897
0.3741178010248587
0.10112669786370342
0.35332271360320533
0.33000133091321443
0.361291725803501
0.1454500818501246
0.19840386808212407
0.3605720571812644
0.3719613407675032
0.3382842297903924
0.441436948804971
0.3955035411304104
0.34780288071244164
0.3338650583185957
0.4412582284458638
0.3332214352652071
0.14387523385866668
0.22856681783503321
0.19526427263806628
0.13592830442666923
0.17690260882630807
0.4359105232293393
0.3631285469960782
0.4529007605369566
0.20113897889557397
0.14647687244229768
0.18770135128769586
0.16868372062832973
0.4158196401190921
0.353673790315876
0.20328716777006375
0.3831047714148216
0.4451632968353443
0.10340855967314089
0.49396537142642716
0.2265802690382291
0.48652634239175085
0.48806320229901556
0.12468999055376134
0.31811694463514495
0.25621794957210337
0.3950906181700593
0.3269145152474707
0.2961408373254688
0.4165887543248189
0.17254959046404386
0.19531592459116892
0.3993627143249431
0.3677111358594328
0.21837252517244907
0.43554717344044347
0.45348066632191597
0.4733815418864762
0.46035463734304183
0.3075811364542851
0.22553545520711027
0.38455925349307596
0.31832825482706995
0.30612432260373557
0.16863906093207864
0.30854639238075277
0.37757053182469624
0.3692482695403364
0.10270812682937353
0.39040633498016686
0.3889157479930613
0.4130196974159124
0.4790854693119393
0.398751157068463
0.38718487035226035
0.14942828774819678
0.3994378315045075
0.43367133134785274
0.2110371333857256
0.355744497557666
0.47700956651389803
0.256002629854558
0.3303559001989099
0.25645436450480097
0.2906041053993398
0.17010772148795444
0.2302336370403295
0.45569236037185
0.2438385606553863
0.24676100897789457
0.45888079385933545
0.17261742676642133
0.31006309340169713
0.18524935117143584
0.4227785880328375
0.29109120849675674
0.17923440463855966
0.2668407111648836
0.2178802675790079
0.12448720019936076
0.31531564461756145
0.28122124139664045
0.3077276709914347
0.10168373662054747
0.3082775397644617
0.4877021154105863
0.23260388682339925
0.10127794348535445
0.21001522841764195
0.418390695261842
0.3921617354667061
0.4223969053211185
0.4037886740884228
0.4545945737587702
0.37335230621723425
0.35081750786583943
0.10748630801426994
0.4393723321267884
0.2991064543513996
0.2769906628371493
0.2451450568747352
0.1297139853969613
0.4802060039835562
0.16190245884465507
0.1439870272570404
0.1756135589522566
0.33334261976490037
0.2974070011161245
0.35613977589719437
0.22022246221711994
0.35791673984000616
0.24356146554251235
0.46730160697917034
0.24380533267962626
0.3521481464894244
0.4214899775674852
0.4201131139692129
0.3653782887521335
0.4036482467349448
0.13464772261592783
0.3405590373400451
0.24317060656265457
0.2046875446374834
0.39708119372710404
0.3907682526945294
0.39889101275827166
0.22173278821929698
0.472001623085326
0.4283615684343648
0.24473815104080945
0.3707025237014744
0.15080158924301668
0.1287959211046124
0.3060544346042471
0.42049798750598544
0.3564535610802103
0.41779781153757856
0.275640121428642
0.3917113997456443
0.28092990582582816
0.45631143151678966
0.16511103257160026
0.2998206492719409
0.3237364434791221
0.11028356839209295
0.2381751923292753
0.3343347079126697
0.3625968030111292
0.3347923493085855
0.19527754373648568
0.3367325963819965
0.3458173902200099
0.3878695603503204
0.1546758721207752
0.21826998020741728
0.40732443325860923
0.37971746785752114
0.4222222191119085
0.1260502573504607
0.2111184899389656
0.36961296471846705
0.15808465302161429
0.13125409831859655
0.1582923379321485
0.40939961909038614
0.12056095595303917
0.4171147184498646
0.48052080340786973
0.4396391977738098
0.3972832426674068
0.2861382085050892
0.22876677156429218
0.12465291796843699
0.21196510180568803
0.22633665854345386
0.10688081117906051
0.35823993838111234
0.37936048186867033
0.297629948924755
0.381451570394737
0.3750526860924014
0.45379889552422814
0.3251065626525634
0.36391782608802836
0.1699056374707452
0.4651260596562923
0.3366969691289206
0.1427242942952797
0.4819325468761875
0.43681459898335206
0.21727660229936172
0.4398761711639956
0.31983385647053075
0.11091702642024881
0.10212202119627332
0.255845556709792
0.4198376479542999
0.4509218042073909
0.13276963032026046
0.3371790966309207
0.454101988370446
0.4242700635340313
0.3373197939199888
0.4305224467682425
0.1600238532919397
0.10277682652910727
0.4254209570951649
0.3592508580664383
0.2212673497668682
0.3171949549648957
0.18059018007527358
0.3819405502032305
0.11296438961623495
0.4323023197647681
0.4768417124787666
0.4475686223377334
0.4125640679104704
0.20241380477304882
0.13564756442389886
0.39330382681160614
0.45523416693147567
0.3982347606695341
0.27382197916263695
0.4407090638586242
0.4400682448466713
0.24544191451731626
0.38669676185728896
0.24540243846126755
0.25214872861935006
0.47429821795693705
0.30944027240394256
0.3800181753997295
0.11029977568270183
0.2892971543163425
0.422674314665492
0.11177404490559768
0.36151967936914997
0.4110680965384773
0.4798818424920034
0.28744770851599843
0.21436807387324983
0.4940091125642143
0.12353453394450238
0.1285258665631236
0.4232133445508337
0.32016094354866764
0.3535997620164232
0.34274477969261585
0.4099537357143459
0.216427344415336
0.47539770415863314
0.4022235651745175
0.4705704080688883
0.48402695063629675
0.16238253929899776
0.22553462812686106
0.14729486294330862
0.413535514037219
0.19211172075356134
0.4624900079041977
0.343113706843026
0.30061987264858564
0.22975909818996382
0.3158126848501106
0.4341618914056027
0.39862147235393386
0.4268900663236752
0.3529648857914732
0.43654722145875924
0.30626183317784006
0.465650846875139
0.20044374604266993
0.3098455727741908
0.23945703258297285
0.21666760034262722
0.26496248405809975
0.342603664548223
0.13887871963457954
0.4300798312100078
0.22484919707701698
0.4296577173896673
0.25701326357281795
0.3950499150269282
0.1894280807750008
0.47808144676077735
0.391626665023613
0.4564985644611891
0.11858003298703755
0.47686724039592787
0.40565846531670136
0.37711207830400806
0.2994969427973634
0.11690832849060447
0.3494399081665007
0.4538065011476048
0.1535790614408978
0.39470427576094
0.4402592811993963
0.26006714457715924
0.2165373942292626
0.4970165299151821
0.12849109684823296
0.3851064129135918
0.329303643845406
0.11396302298831672
0.24549842220666396
0.29169248760899835
0.17008460032555212
0.41182172713707677
0.12476971540372875
0.41440416842018535
0.42187834308132866
0.2724603299947175
0.28536856765683427
0.28394388744898647
0.17034684537976266
0.29672149083015076
0.13312766934585718
0.20421503738898245
0.458254910744577
0.3420498946211592
0.18996767275085724
0.4025030247203525
0.35331114952410114
0.4031954912863135
0.2626591880789989
0.16024108402243242
0.4547133443485336
0.4166035786933371
0.2400566712140654
0.4474930251675251
0.22596602224050027
0.4548602096833232
0.4421314748325783
0.16585318939708307
0.1916156330612053
0.19538561176849434
0.30140832134607987
0.16663093406794516
0.44247313785744613
0.15807401998650641
0.4737889783137028
0.23756691687298903
0.42016216917215987
0.356808691297265
0.30242065317498823
0.18678468055581887
0.21881531135747145
0.3446236700124886
0.3252281368128741
0.20444986508623028
0.20011334450184848
0.47403327096847414
0.4278061411318671
0.4275540319725526
0.39091521271062224
0.3770520587829168
0.4393357059586692
0.33788960149329883
0.10604682407355837
0.23030180191636954
0.2029351607692049
0.38015660682135277
0.24601127945736165
0.15558609627105457
0.19023734668032244
0.21485753865184365
0.20123364779175798
0.2443354185830503
0.4326273360873929
0.3734146593563922
0.34245196223859575
0.3986177768507577
0.24241746831542488
0.21733216023114643
0.2589223328988124
0.2045965994328062
0.2948455674117852
0.2996116002489192
0.28783406976157155
0.15170909175371575
0.21892917909199774
0.3194034411842146
0.11187035534622947
0.45142950048695807
0.42554388252133446
