641.231228221232
817.7440383984269
852.1062232588565
818.372970921969
571.8635724828838
602.0511121188721
601.5309019193386
789.0639223204287
814.5064612202304
744.7058051417202
650.1627392133528
737.3086311868326
645.9838769062474
724.9365282985231
733.4112759065714
714.5776681826405
792.3735998161711
789.0038954817799
622.0024678903964
758.2871775472603
661.4594986150876
763.8274697943782
583.5406337965935
975.797310828259
881.4797970464465
862.9343782391929
881.4070117836154
567.2349212507671
814.200744951575
785.8910582091505
789.8686690909365
891.4820755128287
834.84801328213
928.4565340892302
707.4518860254998
590.5977772063599
652.1443623237974
713.4379395561982
745.9657295712681
871.2235665007564
965.3182133476257
977.449861388972
666.2421180935567
734.6946191962633
688.3729916285071
766.7537056604881
513.4932513696252
724.8227176817534
738.0901622656671
842.774903143275
791.5085005273656
565.2991836974147
833.6452661674908
761.1554386760229
787.5581596559593
687.2472894109416
710.5738336163233
540.5402169605312
651.5371735396128
562.2398636169648
777.639953054565
888.7698447633262
906.239146763467
520.4964534095017
690.3590361972492
876.0377681286634
851.1253354361012
640.087339433021
942.314476736705
963.4196375697693
714.7302963503115
950.675526826888
935.4673336502589
782.2145721821933
736.4486243502797
747.1897865802022
752.4098158607769
664.0951097020169
697.6809500309471
603.5899319273949
543.1639562084624
509.44305425025584
936.8139153659098
522.1933146430018
534.4741516087236
697.5976355765009
897.9612022225609
743.0174856573952
510.95169942131474
567.0895717212353
630.0338338150038
671.2402480770579
523.4753769513175
688.0885298693593
597.6197495706314
599.9960011518784
667.2758138982653
801.7998269604417
847.4383929497419
759.3602367644421
960.4618852344921
969.7085145916424
789.5831840823813
657.84331229418
531.1539779227464
796.3020916069056
717.1148688858157
943.6362202526658
887.0501194462024
545.2257995351933
660.088553803562
545.6921953161333
719.0303887750208
755.0611953597656
618.2058430944909
505.3554905616422
799.0797693612813
781.6201081277388
984.2954285194835
557.7473634331687
874.9508361625335
778.2935573816221
837.6029437682996
695.0050621374089
811.0841784277094
860.9046484217874
907.151012893884
852.4423872529212
642.9823595755759
766.0676068122561
774.4258501727164
604.8410373721614
753.9393140041809
675.035477009561
853.2076492356341
740.1520217772184
651.7396603395908
503.41183586604825
691.9217635934406
842.4155429814457
752.4396587930418
764.4901021996552
991.0742771213041
526.0540207949083
568.8415834689929
916.3756512159337
502.11210035518127
553.3425412059674
564.8570489009394
865.9178662745575
519.8229849029073
545.8362826351054
573.4693021418541
865.0101581586267
704.6763829990906
581.9588807444217
505.2272401384672
558.5509636637511
852.4529811006279
907.565908263893
959.2520866383987
751.7082101466108
799.3486442522635
598.4180693491444
872.7387781663002
526.1799256937725
675.7934534496562
795.4946794463297
706.3332581569152
919.7642806297133
566.4272244505961
905.9784781633714
745.3564005079065
541.9777905816113
589.4401648135197
886.7319495795853
914.5884943115309
977.3176684326204
593.6736590578269
968.4191204876033
670.8804676475654
955.8992225713491
542.1331653587943
640.5015636176095
860.5043554637118
868.0918001981414
833.7859937501769
503.2624684116737
623.456598812542
772.0608889434825
799.8025432642858
944.6412119571387
954.2840603340245
751.2352356361431
785.7412342107375
838.9254651588135
623.1438360950822
512.4803565788519
624.2451600057798
856.8240994443697
637.0372838269667
856.2800288489334
698.2751920779189
969.7935642998102
726.8138079420548
571.7289262554335
579.3462858135373
836.9325531774165
708.2501172169281
606.1040833411856
749.9354624664937
902.0609052599727
643.9567513446729
845.5796164560572
684.6841125290117
897.9266078659618
608.5216528939554
578.1001694043645
947.2701874210218
609.5508587909945
628.4770799213239
971.3668362188673
637.7381364975513
722.1039549909153
502.5469283709166
521.8503547811852
722.3534627853776
809.3691558217096
649.1339816658874
997.1308720991112
968.1116284982477
858.0153876077728
947.6015978424375
793.7267866962793
801.5754079909166
593.867303167604
828.4159968911492
517.5000278142145
830.3434226536144
540.1280606942232
632.4082822244146
851.943909964056
645.791920490326
876.1674487440926
948.9720964854914
997.6805048012276
686.1649604363315
538.3920125085103
981.5903252151041
863.0669757951207
669.224983759045
787.4878925824837
791.3028244853638
829.4388505352385
670.6578914075656
807.6630326998036
540.0645334565703
646.0065825869708
776.1527016102749
536.3163045973911
657.0239917679875
500.04524792394017
890.5163568203791
717.7406374467337
696.7157780367289
953.1022754123259
653.3603653538174
787.5258984486047
743.5929106745834
940.4101503433917
898.4176849678744
767.8502431276911
544.2658371025302
725.4100405153276
517.0484535208544
680.1570215671793
521.8831896607138
979.2079211327712
696.2156141103246
951.4550497540606
700.1286471159606
633.1579191200094
759.6959662678931
697.9004923514242
826.1415864059998
858.2523325776112
611.8039233759929
879.8047309060578
773.016604992245
510.2455072410226
513.6931910139558
998.7774052995603
738.7811892407741
529.8151794810661
737.1245244869453
543.3519134573596
652.527910605371
937.7608982342093
637.9784918651353
646.9002400678338
836.098668165826
570.2763165994108
819.3422478758987
520.4433444015178
724.043787559982
693.9556214955722
832.0241527386236
763.9391990361025
536.2499179979438
895.7844976587621
675.9316102054638
555.711609442607
932.6701167668816
506.9951812586025
509.26402492615364
733.708281104561
962.5769542241644
657.5228412257177
985.9312863908349
806.0574211724818
598.3197355543206
676.1368536453037
844.1186778270364
667.9648534807125
772.8400121161037
694.569116860567
513.6357989516583
786.7011305424114
728.3020702379388
683.5836676252525
985.4248046070173
820.1968152256625
521.1555171891616
583.6495484746151
790.9637330233395
999.4125602639474
750.0808573180955
986.8867230494845
893.1418389273392
832.0723778975764
943.7175803063058
676.6370404688654
698.1057485132906
557.5325929101151
827.7244034077141
720.5044032102593
723.5985617402216
593.0782193516277
507.3769716922436
708.5672668846004
889.1899080889859
733.5239228165021
554.5657775890223
874.7797437198843
990.8570593204865
856.467483188359
836.0411739702829
844.2741580156923
854.3368076456175
897.0783255535907
838.118437879901
566.5996318307322
747.9628070789053
747.6773928585958
782.725706611925
843.5539059974187
757.1582701371706
599.6267981894316
712.1685893150902
924.7896536552747
807.5236286103047
903.5114328525876
645.4966082645919
806.7262138323822
631.306322833241
952.2398840667764
985.5862963656102
792.537845294991
974.8193290890022
763.0342820522577
725.9715705409942
576.8355203901821
562.2625366903637
868.1920661131045
609.0359247261033
813.6104879618883
762.7276947603868
984.4531365758091
953.84881432332
736.5122884176785
733.0437203450756
753.405170376169
758.3259974616715
638.4422808387053
814.76784426161
592.624721237977
507.25507788203504
529.7230466733268
838.1437739527346
940.2588024424863
769.087574424958
530.4667309680866
857.0627452896877
701.8880881289352
503.1248241925935
706.7341091170435
930.3757859592838
906.3145395716878
586.1022745790957
828.4257757914303
725.3464969115403
949.4758083368198
821.6836833622008
709.8778312377399
916.819310170696
924.6701578451425
946.3844552125256
841.5324359949047
624.7735608130998
786.2022833899673
702.5668320873635
872.866517309243
674.7085730152264
805.6874970623453
612.7936905193383
775.5430964824025
971.5509288194066
653.9635443326102
892.0582702266776
863.5143842053831
642.3518535988339
739.9800784638137
760.7834222544354
818.629720151318
876.5111173005082
699.6916088979415
910.9922697504708
985.5870441577937
748.13360069041
979.455460699257
679.6643668869857
687.554965411765
503.41691223648036
980.3936718564723
862.9817508672537
970.6979602080091
503.06307450988305
718.4932902151719
753.1287701222315
853.4923798096605
692.9795491827085
595.8407623049
835.4870849483941
724.764865425169
941.4365720667133
943.2757002133968
934.2997165440181
608.6958705730382
984.9631287341945
860.3702206832418
601.2054193192457
604.4476269942561
661.4980488571255
603.1743491511189
605.1643811652286
831.9499809543715
896.9976915457853
731.5023865114341
744.0755222257844
621.8255958575685
915.6799689660968
502.05119201725466
618.3777741764836
721.061655132448
814.5941019043561
552.2537056868628
637.3293185787365
802.6887179271588
597.1137894844395
919.7053163592881
806.3752669799165
542.3128964745115
616.6369191230189
530.9117107487801
548.8151242211966
632.409549351486
969.0345487751811
604.3432471274259
865.2053872244326
511.8813391105079
525.0173857850401
970.9115784031908
607.2117319793974
633.163482596611
572.0649136319196
795.8455249074228
747.1541839561738
536.3879185240066
628.5000181473015
731.8141471912231
839.8804086057154
545.5041813979527
631.729590518934
701.1955634619765
594.6414337737097
625.1543266379899
887.3371045017615
554.1691045088949
830.7708463603813
521.3565821937368
675.4969523688721
563.9868335452113
701.8488840667914
771.3985489000893
653.8613088906427
989.6439037289874
680.7269879449208
807.479931436802
866.599587338728
635.9171486191442
905.725760258704
807.8774374965017
872.5470318042534
734.5682004948119
700.8077630176856
918.0824816364812
678.7184390484987
991.1434283314782
694.8368065706794
996.6022213252995
919.5333550338561
828.4675119264513
807.9957514255575
631.0342517500399
778.1419543884595
697.6784520497215
722.1295088199935
759.6510179654424
940.4781150356075
566.3846597437636
656.0607976209261
969.4422313797639
949.4718808488037
758.3819314238696
653.918376092817
549.6681882032452
975.0645791179795
994.0800225609812
636.8287788728145
754.0072164640821
639.3956122844849
872.3689624689343
650.8657747823568
844.6101105723518
641.6404816653032
865.4596555925951
527.4267212065312
862.1674734588805
704.3123554723547
647.4996352755873
783.9627045476286
999.6457748158714
533.7426897220496
593.0210103620633
600.3091430897014
632.4038034503342
517.3264739269647
627.2125483072468
962.7000895496831
878.5513937376302
817.369430082944
797.7164345257971
967.3336352843828
919.5337405139331
926.7610509971146
605.0283685537822
624.1167919236351
515.4996458938879
659.1899683912713
861.8781261376528
637.3196992586631
938.811092894492
742.4092879205083
635.9367963386313
972.7806736365551
992.6949485962307
869.4964705823619
886.83653652369
701.4416339320655
635.0543747359286
746.0377917355315
648.2208699032494
574.04723638165
718.4803315947962
618.220761853045
972.3843519165438
748.609030263328
954.7396199488825
916.2300850948292
883.3770189707589
546.6796369675975
749.6744021719786
639.7191648909303
902.2693221924371
931.630662671542
769.7810645042118
808.3204317006572
766.2856030772609
722.0341309092632
974.8951184351474
587.2076815533725
952.8170844593049
504.01504994840786
912.0992218636147
977.2193910878565
589.4834003584373
635.8486173447424
730.0014723499589
858.1040614016802
955.7194945839581
719.9455385658272
553.8298039987825
846.8434393474168
985.8514972890682
571.9120640127474
612.2292639228054
707.9657779096951
629.9202383366147
915.2798055134824
945.4871688981369
770.0298034067986
985.4127762245616
952.7770522335511
893.5393638606372
837.4291655103336
996.0853653780587
981.7062592476316
961.2960849210017
812.9673465221064
778.8546320115395
668.9584744569594
960.5673936490282
884.1036754853765
831.0421881705125
908.3428329032922
576.0109824074202
883.3113371151553
544.6427999412607
688.727190616259
890.2742419391113
940.0670866180392
859.3540069590244
509.048058630517
627.3451207149765
941.514175198598
608.9471863756689
578.8819759201278
885.34829069154
598.1330381244369
740.6305990209383
879.258463029377
695.3890283894023
808.3078814658068
993.8691966094373
938.2053123931303
987.9083562652932
922.0123420368204
956.596088204639
951.3875367439757
842.6871508317834
805.6654377933662
936.49538928698
950.8179094227112
672.4195804874774
601.3987585436445
670.7843991685818
698.8025073763016
903.8553570730262
736.0272376925524
545.1406338609543
939.3804691908632
604.7294902015806
630.2394033712802
714.6563694943538
895.9617177575303
661.5118368121998
775.0213538480939
890.3475566076388
506.8116272486015
558.7385888806833
985.4196880398772
954.0878715228196
529.437326226436
799.6160759700826
625.9257748928682
692.3925005980103
990.4756751963831
791.5454729000912
751.413274760248
586.044887522941
599.7892634351201
924.0645305502537
697.9308587271046
800.020846448901
920.3666478497261
990.6644290385489
541.0961950348552
784.0744960947703
876.3546606761491
645.4880474404704
917.1901668773144
645.2247547667506
862.1021046372568
771.2137034897489
929.8339505535931
691.8522991791608
677.5927292638355
988.1462234313217
770.2817220099097
975.1414622678265
752.9264100976344
836.9692600647984
958.4497246913392
621.175219153302
994.4662679839762
837.2768379322399
569.3158235623425
610.5929350290398
613.7029998123919
985.3186791025013
705.353899341589
701.243683212065
669.3380952820553
605.9880689734146
762.4107587087276
870.0132768026177
659.2968531896953
958.1253499785394
805.5357890856444
681.0204309011283
605.356629893473
989.736935516398
803.8459119573524
620.0248271509661
545.4587160331758
760.7429851052875
536.9915348167812
937.1272973629586
664.7013984329656
815.0438217077646
740.9398531741425
775.7724894606264
657.6799279746951
853.6885692464168
965.7338586233213
976.5688260046481
824.623162839606
708.0802113802638
769.1693564628822
975.0637975757381
915.2116156200184
507.96430345748445
862.0249524572646
938.9540377922218
843.2400589550723
811.8468979374209
944.7568160960986
738.1613099222623
754.4082106637227
953.3568446738307
604.0645600725242
723.4850503967625
779.3055604830197
669.8230683208601
627.4179541671132
524.2237581414073
993.9862739619857
641.5025756692678
730.0265514999724
814.1219301757812
549.3374811688532
687.2669271283501
916.2080704379973
847.1309427961505
504.22887032062
717.6957688005738
545.4892665889953
828.9143513252884
729.7271839129542
718.8786434687598
551.0498506980838
759.8746654616193
942.0566059280573
523.2542166443172
869.8817408614312
623.7585381168042
610.5619352519627
627.8602480533818
835.4117407319511
780.9941992896736
552.2414557325253
733.2590910454288
888.4896031601111
919.7149997102811
513.1307312946351
649.3607003660675
739.4322016255765
992.615059136675
911.3836592998026
868.1195177318342
701.2863811723685
889.6743535505706
589.3304985712026
909.726189337008
697.3810509236758
503.263829946846
984.9885127381738
834.1659466908385
835.7265183087866
858.779380134524
742.5516174176187
700.0797192505721
692.2231248781418
987.1209033547178
542.8901245446931
953.7558501868155
693.2504715466466
889.7590569229906
564.1705073332
627.7054112206952
932.8673766013123
546.4456453742088
556.4195916924684
515.8274340007731
664.3621459630907
508.6579697448414
638.5457057223773
868.6612865657189
891.0175091617896
806.780231339706
710.326483586414
563.6507827634301
722.5801132248123
827.3455375703962
787.1885434433157
923.0049904383593
838.9908393967432
679.7114850923831
510.07927775833195
527.6996139622688
879.7324970224032
718.8067403171042
698.909435002664
966.1515843450456
992.5554927103535
832.2056117983051
595.0817206566068
511.86175735988917
828.7139923674756
535.0847043084019
514.533448354392
922.3129348903462
919.3687047735446
906.7256447004464
951.6477412652331
805.2816158222724
881.3646432165206
523.0690321775006
948.0817645193033
519.2753371522178
509.8122362778946
774.416415452293
508.2879434909837
544.2146180654023
557.324107349441
930.7419899408101
658.3320764618674
644.9810579012941
956.637798682725
942.5830798260803
884.1584711619801
532.2578495428974
607.7871212611547
699.060035102826
592.0121238795027
587.9009600628046
680.4631545393298
954.4793060957544
602.3828479089464
600.7166715532283
943.2343639769977
792.8829610358083
534.6529550435833
933.3041540923252
917.2024494366351
797.7062236938225
858.0975218966221
834.3169623570568
992.0291565340925
969.6140764255384
766.5072303007082
548.4267268946599
899.7126709985732
984.0170760506961
731.0527677573423
738.3784610849082
622.8149399624222
770.0181680229741
933.0050633559468
631.9626862462691
524.1702597407941
538.6818193035309
866.5254313918249
601.3814179309234
717.2486998107166
829.2929165790764
845.6746229798166
521.9970691623032
872.5912242377113
929.4056785198709
549.0871327550286
673.0520580893566
971.3114066329946
868.6298558136866
872.1846713479407
507.23275261471656
641.1755792232038
932.4802120898787
813.6970708990207
686.4306986657588
532.8321138346444
964.440174986112
745.6469416772409
675.9099894472085
978.0350358165044
760.2541046426757
747.0876621594101
658.2698989004448
821.0906570048951
653.595298412061
876.125576234468
702.6159940854441
757.6099613818711
963.5228242765486
980.3398737750538
970.6650661805722
909.3863023871464
617.5190692524179
509.70224556510715
781.7671852141926
976.7356269743641
669.8366034893023
686.2709872584621
689.8536388122583
785.2179444449223
987.5836947471175
797.1151696666902
873.3362160670757
609.2767859164162
621.973017708297
992.0581692657036
601.5352053248168
875.8104991221412
532.9920668031984
513.1741807996045
810.6686913950828
914.7801248297499
890.095869993917
714.013609794006
841.9682822782574
536.806352792512
988.2647258782126
906.5326020451234
719.9902680508355
750.1658039261818
675.3431627442765
968.0700512319272
801.1815151189973
941.0204995926322
896.9276108829292
742.2392646209328
602.5549698105403
832.451375645577
753.566085851203
555.4375933183645
798.2727731144821
980.7936372086455
654.8599604422709
586.713624108752
524.0344911775995
731.3930526502631
717.4758302001898
813.028883877952
934.7390816792952
678.2991909964446
861.8890547432937
806.4567574074885
514.0178557304022
937.5677755944132
889.3130297766502
667.2072465846368
579.5973229783366
786.875454003185
635.4615310397685
697.193743393301
670.3236793870828
759.7784445965588
971.9021229758882
717.7994494212553
658.0326184397508
865.1977480917981
962.0224140485798
506.83894232061624
725.9148761515424
752.7736753702127
618.181131667287
512.5048494479818
660.3781521634304
543.086509191326
616.6869737759647
780.5047501065528
736.3333842609975
774.8249124440551
512.5847962791613
740.5936254959248
876.9602061453772
828.7109840776117
791.3648364553724
934.8755516212763
928.5281191294848
740.3458231350348
963.8338089531362
539.4536218162141
920.0527986589657
970.3077991987225
717.7135247037852
500.90367476484084
975.1029411199681
642.6891618268291
743.3853084046564
935.7159753841736
879.5597869729811
943.6494270725123
886.346864894563
984.1580158811396
855.7079259032598
