5628.1217127901455
5644.979452480565
5533.663376103367
5967.075948352983
5498.742209755124
5067.878075566445
5407.057301985168
5733.1971575133975
5765.353209166709
5945.177640933683
5854.467573307013
5553.81255581522
5465.03481607836
5445.76605151751
5368.1528933884
5846.545576444056
5322.663575583559
5886.962293071716
5149.15597742437
5954.182339710303
5209.370865119692
5213.44398389459
5498.8680079318165
5699.181111935802
5446.816879114192
5759.7230413268635
5265.643594586574
5657.3159797465905
5417.943949788115
5402.328253140599
5902.5693318658305
5498.165474694636
5613.4043722162105
5548.260057149091
5270.702605896739
5915.002131133562
5512.631714703144
5490.257203975281
5397.108969593595
5784.389760379643
5355.957139614285
5470.243857252489
5711.9418402963365
5731.1965741819
5874.454158388084
5786.322316790329
5074.131502155147
5205.926163206499
5813.034075046958
5857.132500099473
5710.679963180575
5282.304996280373
5284.229138730113
5446.276165102467
5235.89431767972
5245.497668833411
5086.189494335342
5025.490491559769
5188.572459729243
5454.796875171158
5662.671456861012
5181.42337406611
5170.239172667905
5505.818350182523
5746.30761619313
5684.320290798758
5412.021593615641
5595.931665715037
5828.70336912234
5053.074554798294
5175.450878489835
5667.699942904447
5265.245857683265
5063.828612407895
5931.612936883853
5414.776230964394
5977.582520427465
5095.809164502005
5619.166219715667
5055.9881266705
5751.333181936743
5408.809053237982
5389.209308738727
5764.982703063564
5951.49822581715
5860.212399689093
5303.432964037071
5434.942003697354
5696.3547266990245
5081.761379194305
5397.266797927981
5109.670323547685
5372.471155361771
5444.078433308028
5298.05170865329
5837.813725802153
5403.262859800719
5537.524624547807
5864.621371100507
5204.811439885963
5977.941672400326
5943.496107815701
5539.670249094195
5286.348672229793
5254.000332278004
5045.202847305232
5518.999188206161
5397.0131254694015
5565.699537080904
5834.931071689099
5125.750608626371
5865.243586197562
5884.458926098513
5808.085231196153
5144.085458279372
5190.3419169304625
5073.186630770749
5792.029741262124
5927.644310622082
5528.347075946992
5821.349472338492
5396.030027537173
5174.7795506304565
5493.684823906271
5108.247035439418
5942.708063157854
5936.214629974225
5753.866588971054
5634.664024157624
5649.026285670803
5971.552288563171
5356.197759182564
5561.709130714188
5088.26691791934
5692.091236133229
5921.061282235713
5684.800838522533
5948.739935687276
5416.67181285933
5962.613363147479
5825.413933357758
5830.627453158044
5549.501708175684
5197.534472726182
5044.833532950063
5630.754720149141
5554.5332696482255
5982.547864633909
5840.53168180629
5505.2894413852255
5788.829932336594
5605.617030025226
5043.433333975611
5111.754102766374
5832.556351299572
5110.638409257587
5955.647805983701
5355.023688974427
5786.167982553555
5006.130979292425
5762.736100204234
5679.497349328407
5893.105609336465
5225.640147673445
5076.545805236883
5986.317268011965
5983.999734683308
5795.95303323366
5061.444814810783
5546.043128879206
5405.444547071101
5602.437471581169
5719.400420763611
5757.8381968027425
5613.021090031174
5976.061551930201
5204.177315046225
5184.9302653249615
5433.930186616524
5507.961528577766
5110.247895116616
5791.376464077234
5544.766779660419
5471.888546582056
5442.321491408172
5208.767846321236
5206.505015222208
5220.962303676589
5658.341543347514
5632.736515221307
5984.099089799664
5736.864543363251
5584.5608223637
5395.376299354487
5418.116124213468
5976.893363856454
5957.480611703421
5261.429999857469
5876.297162719053
5119.910977453212
5491.830283293427
5179.699467687497
5603.018051723754
5598.83142932345
5843.864410758889
5863.198363564716
5174.309027811361
5211.306346168607
5157.079618823803
5094.954665681274
5641.362478326063
5756.763100628033
5546.1584883988335
5969.959832293266
5590.7339341562365
5287.812634535547
5773.5882410971735
5318.5323211621935
5133.849245219459
5743.805073434891
5670.2020956445385
5528.047506557323
5876.699838486047
5390.024727155121
5377.74661171527
5431.6922931174695
5271.230697955118
5327.411366620042
5968.229277864446
5589.145620842927
5515.835195494055
5249.6252418334525
5613.492195594883
5100.596980317056
5982.268638370458
5378.788171263372
5152.073425837386
5413.4682844147865
5509.874140914325
5537.826670955346
5061.321677907599
5046.359438303319
5821.765597856121
5076.883549237686
5514.002550939739
5868.053417789938
5526.821417259954
5536.5061277190725
5601.26528108926
5390.3797993149565
5724.365222128466
5610.7320646591415
5201.49052742583
5513.967171411763
5213.47865541027
5377.110677513895
5920.306526503809
5671.546891602753
5799.172438332579
5079.194757977941
5081.774793561836
5177.760764248811
5484.523580159383
5889.466788970871
5697.935712535222
5918.875447520396
5856.358682952323
5991.817532123113
5479.011706663218
5013.626284515002
5333.96497081604
5073.075101523525
5175.1850980001245
5376.985273718322
5491.619192300158
5428.81674952544
5608.47116483351
5372.875987490277
5216.814151959703
5718.713890631965
5019.098508079158
5201.490492822037
5652.236532599543
5995.217828288243
5119.9946499404305
5114.893398276691
5352.560788062321
5139.770092690669
5169.617874449392
5973.078284610066
5956.818790465818
5609.336494695226
5859.511126516561
5593.2148298373295
5470.244664100388
5691.869399391411
5347.129998741728
5868.735382502646
5989.276536088848
5660.353665377906
5718.131564384408
5711.367763719765
5109.824766618673
5955.169890398599
5323.668135420218
5874.592553952538
5592.096288268253
5317.400766986261
5958.341334643722
5773.339593619433
5610.947538938264
5115.452671789557
5050.915772431738
5880.686836477563
5843.822805810532
5735.8849173340805
5361.9841143458925
5771.943411154421
5648.81653038614
5561.806109097872
5529.590303777969
5439.756647801538
5888.733857230031
5213.620843376965
5632.774991468194
5300.217340272483
5844.940185437855
5895.58328565556
5987.544181312596
5540.150281637503
5570.654729025334
5634.207106138334
5655.203281058409
5036.98567024853
5607.727179827413
5071.059817676553
5625.07043980671
5092.59445746975
5682.181387500485
5765.936273851337
5249.50984855922
5088.269708732361
5250.951082975495
5368.422458335432
5891.796712784152
5084.706248321715
5172.959554306865
5029.0941072600235
5350.630548504908
