0.4408395132522137
0.41022666948273545
0.3390614588261625
0.4106261244827215
0.3955566508754623
0.18445151602975615
0.44260791255340726
0.15723852066137806
0.42811449281437
0.4048121827384953
0.22667637751735292
0.36437016818874646
0.32516217193343355
0.31203569883366633
0.4236089981234793
0.2951117421136168
0.14115581516138473
0.11398555566452605
0.25898447579179396
0.24993238284998773
0.43600706458107374
0.12856819294906452
0.426548664077087
0.4040364764859856
0.16773092668426814
0.23377132835156963
0.18903380607433365
0.38523868088221624
0.27128943393228133
0.2209649295358571
0.29648066099039583
0.2541605315447918
0.44990077056711986
0.30254851651015074
0.43625038084330714
0.12765128598121755
0.13716692546356166
0.29879822101327025
0.48709344327252957
0.3390372701459855
0.28490269867812823
0.14771637545485758
0.3375070949257152
0.13937114960204433
0.1413437334666667
0.34476542284344003
0.33425657986240365
0.2945085835327384
0.22650745223394383
0.2838939721576641
0.2597605424273365
0.21999029999960468
0.43863737940214076
0.48794144260692673
0.3545421816612909
0.39252042427361034
0.27946001861866354
0.1459866316858761
0.23325287934405928
0.4400047701508545
0.24942023024516413
0.3628499148001765
0.4574161380446783
0.3524830363258742
0.49882324601395456
0.3191469271557279
0.11360515110106523
0.3503595111861456
0.15838992647785047
0.24165638778407825
0.31955160739763244
0.4260450071558548
0.36140245894108625
0.28942128480870655
0.14685555380689663
0.4304263391960569
0.15344776656852238
0.15038955710969343
0.42599474769500667
0.20533896870529145
0.39278059544243926
0.2990893128640667
0.1021004486737239
0.1905288090220666
0.1723238463048914
0.49658527598133306
0.35865261729667886
0.17146933020577299
0.25749382167619417
0.25295705285289094
0.13261751312981077
0.2932138180597996
0.31122791873276917
0.32683494492591714
0.498180665549524
0.48684926272864526
0.16650420792814485
0.1360264886909414
0.35555912171422543
0.48415471094643947
0.10114880318201035
0.3213130168828714
0.2360330937925854
0.2521930071204568
0.11932648038790804
0.37977659298467203
0.3576599926930105
0.34213476093261114
0.204392949154169
0.301695208612481
0.4626944863143829
0.1600815425018666
0.1038359761747874
0.1572602236714905
0.20837786617114135
0.18270639932080202
0.3313520694373737
0.3090966574721561
0.2099903530354993
0.26806013110818405
0.49259790486953525
0.28612332188229583
0.45557638444349646
0.10963329847374861
0.16961397835489472
0.25333090041944556
0.17620712867828425
0.2209763508666419
0.2444471363634858
0.4817562764777691
0.43565382165815725
0.3200777770631585
0.39623041324802843
0.11650192808697511
0.49103933458531823
0.3957501848220585
0.2361095804582617
0.1567651100110272
0.3185478654332511
0.28701903242403165
0.15373541306472524
0.17241419595788948
0.3116491422473693
0.36196754312183144
0.18600318129759394
0.35357868512963986
0.4840326753356162
0.40739713123448384
0.3043245140289246
0.3077526061672771
0.1759647104380341
0.16774709152651196
0.469050740038485
0.2718009379212353
0.25015806924416395
0.18336313403822135
0.19003489687276734
0.1475997116835387
0.45972891273738514
0.13368955402227523
0.28640878655502655
0.28079037704372944
0.3804359257928508
0.4528172246921972
0.3699511968946497
0.36321964455365907
0.4399675024531311
0.31361168996633015
0.37381232073254667
0.2798564275061149
0.4239244281441721
0.43799119403717535
0.4527807884481474
0.4739362774450895
0.29519494627502574
0.3620619157998559
0.4628054989356587
0.39432393351661854
0.17632279387846458
0.4621095540096235
0.19310265638283972
0.38752839169095143
0.46503445519825415
0.24060544465076628
0.2704435648571504
0.14371627572983636
0.27576809226893484
0.49997830455503367
0.28806636206234343
0.16723740232762507
0.37156480775209844
0.46227381340675655
0.26252011252458907
0.18113326696303136
0.42022671984282733
0.356184165346349
0.21797460252983672
0.49584805300164725
0.31009418097606944
0.25046765303509355
0.41582433066075297
0.4034785679197771
0.2629352720448057
0.14841703334580694
0.10376393337509154
0.2342033493670905
0.41021794408423284
0.1508407069872264
0.4184290050012449
0.3627462422940786
0.2051302634142641
0.29525309331516136
0.26009121604190977
0.13939206954302252
0.11040684638291737
0.14581472081839572
0.13650402287634467
0.11534527030087856
0.23576476034657073
0.1588637650997573
0.4879522358156111
0.2387453324386844
0.24255457054875357
0.33165949817403206
0.4072625982066771
0.20133059584807836
0.135289062400111
0.24207199761188547
0.2599284199046288
0.2358086667312881
0.14032617390330407
0.39939508680261426
0.13105997647907583
0.2291479376694266
0.2816171524219496
0.34961696895814187
0.3296222133230795
0.15245920404892016
0.31730136530467484
0.3941159720810926
0.2924523057322074
0.35537918452033523
0.2683606694457561
0.17534276111620786
0.4667964545478974
0.4765475305817002
0.3070813684913801
0.46741342315201273
0.4194962620476078
0.36914276124698275
0.19529383806444445
0.23560580375743584
0.3520792034496958
0.2612461050405168
0.31231994827467047
0.4905496426800906
0.20848612203124295
0.37716903407997715
0.2267541045229411
0.38765406308287764
0.4093495457935067
0.37985660765204554
0.321377863974689
0.4276714154988973
0.4766859123440298
0.42015585897249197
0.25066035838561307
0.27503362245029905
0.17276325616903243
0.352906041686868
0.1696502609091169
0.15083373837697583
0.4958866369208842
0.42508228184018326
0.18911028217987458
0.4321144001126702
0.35466671789777526
0.11635693372372238
0.2711908242962658
0.4460542545719388
0.4305753659427537
0.3980080728032478
0.17291099253460235
0.19740278552562357
0.37288203682230825
0.20853715035137643
0.2580775591785548
0.2402454870919533
0.11846094814141793
0.2645042263819173
0.4226758417935794
0.18437736613183164
0.45449936975449534
0.17067887511751162
0.48778663722207727
0.49229841447849054
0.2380579626734318
0.31176098131932284
0.4089368320498672
0.4188650797505237
0.12436339058136814
0.20156944667960375
0.4988998141836659
0.1312300985973477
0.4824366016694702
0.17613194433107993
0.3274475516125913
0.16542323790484753
0.4413942072197993
0.3364745942520808
0.1074175834839676
0.49882205271790847
0.41011994228201454
0.3273608884958312
0.38829797446121805
0.1737040763408459
0.44171697800379595
0.16203374936087714
0.42431628567492574
0.3484225681556665
0.36674611579610683
0.19565906159453061
0.18094585041114608
0.17152154066773978
0.3798320697236698
0.3988485745107473
0.2726734770396787
0.4201524049042271
0.3892339462469726
0.3366472597499247
0.257565649548528
0.40811212277135966
0.42143551462365836
0.27947309633865836
0.11408532954393058
0.4810335202290643
0.34353911196743103
0.106683012966431
0.3074513345474724
0.20867389570694936
0.1051019634877402
0.2629705235986351
0.1908115653818685
0.17461918568056267
0.48325748926316836
0.26146826287207814
0.34365042363692544
0.42642285315035533
0.10156874841090785
