920.0910228042051
880.606405111261
907.5412768331489
533.6569742870345
619.4605375506402
635.9571979043102
645.5612106236251
535.7227853941225
863.7400495776858
997.3046371206492
779.0871085575016
757.9341812953255
924.8813591598398
836.2293752953289
698.5301348383565
679.8579964720848
632.6377217914859
580.3113815188276
622.2486951934333
613.9864037617095
752.8896470425868
927.2132948383924
901.1651793065164
794.6724516008994
577.473001548146
759.0159199072241
907.9553165432301
748.1681829515236
692.4463361161801
722.6491592544152
692.8424265384348
724.0128087430821
622.9954317658626
645.4984091334613
697.0613370658189
593.3249002583776
693.0070206914311
790.4467815204998
878.2618623081241
670.153769176167
777.3078689363286
504.39986065046975
739.6639751188407
582.706005507222
790.1147459563922
780.3936952796336
997.3667958360886
745.0612827147177
790.2545506009775
505.93074903732054
975.9063843661945
785.2034871985791
970.9130867485728
621.5135825177751
663.7091612259409
900.7058069025068
516.8923444139596
837.7245369672257
556.7181469795657
538.1928392662537
712.1921871172225
667.3637390602888
748.6471412587412
982.0964362488616
705.4517396239389
724.1550973760635
574.4905498105502
806.7346370807218
850.5494350786255
604.2573370620851
974.146461125616
754.58895766337
539.0495343540904
780.6495512598797
538.4027853148151
699.2070884498698
575.070731042256
771.5476903550855
568.7821298577308
530.291235984547
536.7259605781074
997.3574579812804
887.6105834799321
523.5774314882686
526.9037052059431
711.1572157717859
535.286647718748
648.0711242089559
910.1358136136174
836.3012014342867
819.9769809891866
524.0909803106131
889.1414291209762
920.0671228346653
736.388864936855
637.0649735909012
669.8435857193411
570.0400816891363
981.7811944577611
752.0070284113302
963.0251485489981
831.1663891067053
912.64784423588
994.6601694824344
631.8029599639931
553.0034358196988
763.5931696169041
889.9366957904514
683.745537780063
503.6228587699837
738.7353010280588
706.4000507409992
770.4927281491749
517.073709608082
965.0386708300891
571.6573334729898
700.754304198133
605.7402240035381
697.3847705605411
589.3972241861309
565.0588216126621
515.3121988044969
646.4989911646438
907.9176340405304
945.5949297867162
911.3699258061929
908.4381960457079
668.3573306034525
878.3673699411198
746.908212573174
612.0010488593531
674.6508119509983
727.2481726845295
553.7025099440685
807.5959713134941
537.3909109165119
787.8903155508906
562.9694242112056
870.1640351868875
889.3808949671076
662.7909685573521
603.1712741560226
803.9243578552274
627.6481887190989
844.9109934001706
756.925700771782
940.3568328375288
888.1690045999346
820.8719909568238
851.1647716116893
739.3305853760073
536.1738805262481
574.3421877944743
841.1208379248608
875.4414640651746
861.9371727555177
626.4993416692624
927.9500296987079
735.7381779165265
672.1153644823224
548.5624086363302
766.1826895254898
888.9899281560224
962.5809847680666
515.0859364697335
897.6954268517375
630.2744796230262
874.1845279591653
616.0471920019904
747.4560722293226
647.7466830369937
803.6712280636575
962.0833669927417
972.5587392632995
595.1278080421885
715.4839329385859
652.2667684651269
904.496492358845
927.0529125994436
564.25900918002
837.9641276634753
896.7590534677411
953.0484722548015
941.3763811840506
781.7570384420522
814.7035811204422
909.5388713835442
580.1373268530892
630.4435421846197
956.8801393622623
868.5056509522203
816.2228367237165
741.8392392628791
639.7532560922256
666.650581921744
551.3134111810317
901.1712839016145
519.0428170709682
504.9916612867105
811.9431976535475
527.558298844235
647.2753388479183
611.2125977031714
535.7404398351696
922.9044495148983
637.7652213862879
988.6680195941394
697.0117122308086
529.231883586333
990.2805342673505
846.5606175305352
616.3897765632781
676.7047462413568
686.0824962306971
957.8538408057268
737.6719476320889
861.3306993830931
647.7625649689629
982.8027941870548
727.7081289935832
786.3412111258324
834.4072422073698
514.3429251074832
835.0786381639114
951.3836585916583
820.3643069527498
789.9696990251898
601.8664677872893
995.8935593673766
677.3868904264853
818.4185656944126
622.1817737221916
896.6510954936695
515.2772619331215
877.3454157328576
582.9823101541398
927.7708079577574
646.1399819360195
846.0611811708939
697.3437910113117
698.1526681611391
939.7160119130133
922.4215172869812
513.7384142840283
879.4422910829295
616.6623894638001
713.0331762484619
767.9473123565465
525.878034564502
651.9028025548103
999.993494774513
903.7687898903146
648.1544594498405
864.2539419519103
805.4142922625282
606.1246097713458
777.831452956731
644.228725171346
684.5128501004473
941.1500476740878
739.4535100170209
956.6987335917728
688.2892507011935
584.8644300912092
792.6302859484201
731.2487383026776
580.8003606827624
853.5874434805733
795.9705902870226
784.7433273559307
767.3966625868991
960.5587373485628
849.9755946178773
685.5252039363755
688.5908152291715
666.9989021674824
834.8576209658693
994.5606198578412
834.8449069084537
533.3857435694536
879.3350678406644
857.1311603355473
507.6713747018928
891.2560952441204
898.5671617649592
622.5245021912756
810.1091115950301
750.1175283004254
692.5663409008021
620.7147317482078
592.6350406044079
793.2474833251698
824.7720388202129
848.1508096770449
935.2441711919678
785.1667728096941
832.2393636998873
737.1734749213823
664.6870468086413
972.6293074689828
795.8071325377414
640.8836026165475
767.995386930754
846.9723307187232
792.1199308762432
929.4681918809019
840.3430471591143
914.2309058195096
611.9039944652662
643.3956688333992
792.0091019412984
717.7000157215331
579.0405233103905
929.3034413380866
976.8584615798399
783.6763930705872
578.8320812800384
520.0134258392034
565.3227191775962
701.7969561500406
834.6182102666708
646.2715942370527
909.4307116276955
543.7362579851865
801.4272828213707
888.2336618343325
570.6437312872027
951.305724802892
698.809479788602
875.746708095666
875.4768101844593
690.538538304987
979.6042376972127
857.3507798756282
808.0948062635414
781.0676010954257
631.6052971535096
699.5245027906935
672.5085785014285
778.8219821821962
604.0248966067696
720.6632392173705
598.2240115464032
902.3045480951723
720.7674686119652
601.1139211102029
928.5446406311568
764.9568842550123
890.2016573189939
