0.28420432007634633
0.21721852875658432
0.4493259051402638
0.2216670477068147
0.13403698265665964
0.3861588081808579
0.46602025094306787
0.46442134695325776
0.2890142317704696
0.42098680162969615
0.3744835018709173
0.36707885320040756
0.37447292022942535
0.20053609778086787
0.21258741637022296
0.14804878056876097
0.40390392079103987
0.11420163653594893
0.2932706485297155
0.11750038852640682
0.21130471559388148
0.4759162385120258
0.1749557032050944
0.44299010621886026
0.4572550192144431
0.4640962254959591
0.1331283735241501
0.45297685744760885
0.49890465903513903
0.19802181077486547
0.17864079834125235
0.11280307856430666
0.3483882024594303
0.106835937806385
0.42894604524697033
0.4601836014716313
0.24401519061972718
0.11260068879483827
0.44659716583023457
0.2095999681780993
0.18014536815120918
0.2667915942513023
0.21661229701588522
0.38379604451386695
0.22198711503562663
0.1688836425845024
0.10278814188241792
0.1961884650261276
0.3699791713008159
0.2072881449971097
0.25847697077641874
0.3380872000031364
0.24109762368159246
0.18589738315102175
0.14183472559071542
0.373383463260494
0.4709720711175325
0.2588552193618733
0.3825772335597295
0.48533648526605144
0.3444198396785606
0.34505824273095886
0.21517357485671706
0.32407087986526606
0.2536790989926615
0.2993493980246561
0.214732163509238
0.28546762061061004
0.22640215653525908
0.36728633622169304
0.21881355710447015
0.36524537332963114
0.12472921748759594
0.23468219701112136
0.40919035996824293
0.4005759488545012
0.18861723349067222
0.22377911155043903
0.2815979901471939
0.4045318055862458
0.44428963227046203
0.4163392118368654
0.4319233742368669
0.48009163375554986
0.4564474977684144
0.39511923158870565
0.11969755151089473
0.22169391982719847
0.13323542717776662
0.3063327671541278
0.18161755731180895
0.49225549046066897
0.13897405869675344
0.24643738776919377
0.19727492551541026
0.24606157150131375
0.2352137935835159
0.1596298010955941
0.3771891755189597
0.3906441467286733
0.19295842345212344
0.49050352980946066
0.17362322001985114
0.27952756515703325
0.3874122542488275
0.3885622062179682
0.18000718225633794
0.16829795559905358
0.16110028399933005
0.23646479302078383
0.30295648584893
0.3107584600356288
0.481973038056839
0.24421859299010135
0.14176567777648091
0.32856174155496026
0.19243569128273885
0.4999487360506878
0.21051556275688568
0.38897942085809223
0.2149241958343273
0.15553324491020196
0.25720843477148103
0.3411877077181832
0.33121131244317514
0.2868872662071654
0.22075453923999733
0.3192584221238045
0.28467253787026153
0.12193567836887005
0.3024051198427167
0.20636220892851276
0.3531926519607814
0.2681646614930809
0.37860969719592985
0.12476678241456943
0.27229817283781765
0.3332570215972569
0.36908409469506376
0.10007226369960619
0.31891411914574375
0.136074805749979
0.20460743286466682
0.38465333184225714
0.1347505177320287
0.13385821624655947
0.3680289851339035
0.4469878984783776
0.11911929139856584
0.37055431669189065
0.4720732441094281
0.21159414343299143
0.2545043937574233
0.3640630331624285
0.40660221484422787
0.15443404044054915
0.3536272632074674
0.39490916548221644
0.34484142899641307
0.332780465356992
0.4657328557984468
0.19910897345468326
0.24248126383055954
0.36322832896116763
0.3324089194234572
0.4561205802572126
0.3837666741601411
0.4128983303415451
0.11935145714407312
0.2494931585042985
0.49272552664119706
0.2861367608758614
0.16802931185419834
0.2339643742926779
0.481688518171543
0.11668590720337374
0.19645516141407007
0.4750497257785663
0.2715778740010768
0.474387433806827
0.37077258242387057
0.23182966242222947
0.45507874748077237
0.16751836203982054
0.3250708955471456
0.49220067208393636
0.4897058303371048
0.2800973447688225
0.20050061486673912
0.4088342122391646
0.3969909934869339
0.4187062803013203
0.2177856977548531
0.27334929693396537
0.1397842667694429
0.16465681521081965
0.27499733640011803
0.4293217907382615
0.12261996420835466
0.4448116249227543
0.2671133244971524
0.4880914217149094
0.2752225255224383
0.312182585380411
0.45463810577305896
0.27950578749530186
0.17151163183108759
0.49538182660616836
0.25425527849868984
0.3397423116773651
0.18974003701168718
0.2834630191157049
0.10727001587252714
0.10251603042782281
0.12316051006713163
0.32250694370171634
0.26336672730122257
0.17030789999303103
0.21848295373672394
0.29491784270133703
0.45835663583447694
0.3559267566330574
0.10494835300132777
0.3124540030504025
0.3692527059376972
0.38649052836628284
0.37110732201442054
0.17993723740548037
0.3073409737981184
0.21186137876356836
0.48825407006822963
0.2376262375722122
0.3240118955633684
0.4249702517415631
0.22585001535675203
0.14804554338490195
0.47246847755729815
0.48668433593209093
0.42577093305460656
0.22909522253885642
0.4063368166077307
0.18617256960976336
0.4006509719373582
0.4972180758933985
0.15906021392668712
0.19936945119018923
0.30592115054255764
0.40922643892737254
0.4116113743957206
0.20527492166475741
0.4237371211466122
0.13642224497333555
0.2199601247562852
0.18737303234172395
0.4304493422271797
0.3275107138653963
0.44453874912306135
0.46153816268661674
0.49790734553497673
0.30955131110962025
0.3233278961059166
0.11276750447097071
0.33567897508726074
0.4990396528390576
0.2521212619406166
0.16350029071517452
0.28200455177787226
0.19829246871456396
0.4537497470236689
0.3724533174577104
0.219507425938136
0.18602175880445923
0.4883334185816046
0.22975592473640713
0.43127505171884695
0.10034815243513467
0.3943137730623185
0.26049668688830596
0.3089209408814164
0.3042587146423468
0.25375135512969216
0.25258388844853064
0.3729322319988104
0.35029912191179424
0.28305060348633615
0.24111934637057897
0.2783419043967079
0.15627817547392225
0.1816715436137411
0.22435961499346121
0.22870276871258746
0.42665491068166894
0.11435524311886565
0.3354697201002016
0.11500957626197628
0.17399334298715974
0.20086103633795835
0.23159410450930165
0.46628646584134137
0.35032886458787205
0.44161319254695963
0.10070112156131038
0.42202074799983536
0.26683474266109375
0.17403869830777255
0.3140547544813981
0.3858853048505204
0.18926865632267315
0.3944813240670355
0.25356711173058466
0.23470418233801105
0.28932495252989776
0.14454222355165314
0.45568924521558707
0.15150237841885017
0.33030806992966044
0.445075148694448
0.285835404575001
0.25174973236985454
0.343483302464752
0.39848979561673104
0.29431878512655396
0.2521734910632992
0.27586048819464637
0.16935258075930798
0.28137994495344515
0.23740798473505498
0.20772192119704136
0.28651978444461
0.2368838902135309
0.46977104681260595
0.30290150597565857
0.31144244523731124
0.48782850515809806
0.21602256633552797
0.4539562686000508
0.4959503123457062
0.3960532387235366
0.17690987973437125
0.37952424010186514
0.1342897877170339
0.2780212335464254
0.3771578820769763
0.10568291093338092
0.2133289309648445
0.2326875611099491
0.18382589774313268
0.19795889131793803
0.14244658522670828
0.16257584517826235
0.4488126025221211
0.11033458725859249
0.4499232322223561
0.39988103937771935
0.31291499558738
0.32182700974125
0.35854142290065183
0.3850159976369072
0.3993575830969339
0.3194198568572566
0.3545072088602368
0.405466544909744
0.45704537052565153
0.33922765019248047
0.24760642061105523
0.4338787598296525
0.363570391747418
0.3393353547621145
0.14931979711904778
0.30950126416687496
0.4546860249850172
0.255142756601192
0.3336280929298987
0.10790157947081745
0.3635134262397458
0.14895909875347302
0.23162273770362113
0.1967795939734768
0.43796259032203577
0.3820802364628153
0.13967793603557085
0.11823286356984425
0.10813088632499386
0.3189902933557317
0.4410085333814805
0.471950124658265
0.15444673868073344
0.43180915042501633
0.4617368263042575
0.2112496386378634
0.3360307156604215
0.42989522069172736
0.22206893160250563
0.3839532816178527
0.339658986371171
0.25328290994208946
0.44834389961336507
0.4642411436601539
0.10452316843176633
0.1536845561071024
0.4541287122829111
0.36691464880489877
0.29626834553452575
0.13215542149503726
0.17216677661620583
0.4572116264277263
0.36502792858141764
0.11183250062872735
0.11620621299783136
0.35540927811209067
0.37762444798272565
0.3381726370846655
0.3822371965112773
0.21090513161216926
0.447081848684978
0.409680578027416
0.11556803121160862
0.34078169914954726
0.20004652123911956
0.15940756293124908
0.3291679644030344
0.2281674395308793
0.4654315916605588
0.2970981386321363
0.26723427679757117
0.4573267570105123
0.10835514504535873
0.3484096266926989
0.3033669630564598
0.14455195474458915
0.10372219814728321
0.4302825289936857
0.2548840263446902
0.2347459630894039
0.2452377894298882
0.20322013917597928
0.18095235946116706
0.44089177598527474
0.42076016308222997
0.15535826965858665
0.2623185174117616
0.3282249652467226
0.2498127616528914
0.48695916753670165
0.46173352541066537
0.4840026766193668
0.3886084793006196
0.28846207345666375
0.31069301780012326
0.14796799452223983
0.2192242555062016
0.22043699753675414
0.24320240276591615
0.1684535716372494
0.46796330968282007
0.22807449564592389
0.28006121062667555
0.22635834086536769
0.37943928252819625
0.49908122856729253
0.2253625265205062
0.13285480987497006
0.45923201301097005
0.3362424557242193
0.2513267894577893
0.3666802503648342
0.11926902793512438
0.44190376754908534
0.32981556134201717
0.4603236976031958
0.16721963450805505
0.2597116058206791
0.41733186063873984
0.3040569269692758
0.49741901425258894
0.46687009494339626
0.3612195401686302
0.13535253021104185
0.3316041642138794
0.4686663116894282
0.17895632459680427
0.30725914621967165
0.3210022558782659
0.26404827232570827
0.42537683125104
0.18378487807849583
0.4083874945473608
0.46151521484236613
0.4626920903152556
0.22701569506134384
0.31583210320895916
0.39809050761486386
0.11558456655516701
0.10255936531724391
0.29497843212383207
0.20000691628561876
0.43653963280542696
0.3000407852766152
0.4455787725565009
0.2853384320309352
0.36904660218393204
0.17506718007926098
0.17270498431265013
0.16403746586216078
0.25537351889486515
0.2589631208504265
0.4699888474426652
0.2728264793872333
0.280568099763952
0.18288778962142876
0.44436743944030277
0.3975611689565226
0.43815731617303344
0.4338841604801982
0.3333745542412832
0.13560712407953993
0.3242524537978796
0.46211604432134956
0.31349102486094327
0.3952782525731462
0.4810097667791553
0.10494090308276882
0.49046350745572254
0.2563051653187529
0.34662236445327865
0.3143231158084264
0.11643987036182418
0.22321530311207247
0.15452517506259858
0.1809888552505542
0.2687227146676959
0.3088454967680561
0.23009457880966347
0.1581780734342166
0.1106318710153314
0.1320837587951426
0.12862860317088
0.3304815727475548
0.44721552487439054
0.26954810706766097
0.4958978582331006
0.1603194022485143
0.38208508984996514
0.15026909851950127
0.20974566661237964
0.17636215758278442
0.4301071020990085
0.27140517149836385
0.11171846986392811
0.20507111988820112
0.17629767372553481
0.33146116616785326
0.4401033653873647
0.19008711152003835
0.3115159231170502
0.14242111497241428
0.2183835572072848
0.4367062170848416
0.4452585750302007
0.2903068277120241
0.2754269796547615
0.1485000222592266
0.45291778832162644
0.44079021703076304
0.21966120765779476
0.13208513598333946
