5749.6785676973805
5090.815352941344
5753.548400915467
5033.623529419182
5983.669392095912
5021.039725012589
5035.59335657215
5392.3945587202
5485.2034542979445
5702.3677189393775
5222.0579733543545
5771.4469857727745
5897.376186482174
5109.041284043423
5889.81201226389
5944.176727470563
5757.569003499588
5056.327548170062
5762.245141884516
5220.269707149579
5075.985547126633
5589.548424790699
5754.370590172292
5383.178067838001
5088.184675575616
5332.09881416897
5406.919887809662
5298.644578972475
5512.5813658429915
5862.718357639936
5734.699329437096
5194.842023188457
5474.982364105072
5753.57705870899
5932.3734919633125
5704.27784051655
5548.897440309039
5083.528460273377
5585.122493510427
5908.818740221971
5712.679783108819
5727.008180651152
5335.3209872210755
5048.662521505794
5898.0516916505485
5170.114860468282
5500.558509703194
5310.219553153092
5112.721329708254
5904.503015171046
5472.745803482918
5206.735525244881
5558.640412201455
5747.178201224658
5968.210395371292
5608.990655544876
5336.483585403023
5608.707013984653
5225.789197103682
5905.2338343647425
5495.942597214277
5486.193227862399
5956.325801574473
5798.873941401942
5130.700889480972
5965.092182196166
5310.98230700081
5063.237966383481
5339.6634518087785
5886.078183670723
5656.488992924006
5227.61482828787
5631.8850753224215
5984.952285949302
5191.48276214042
5007.7898468976355
5880.237075107989
5453.379162478063
5999.018448455651
5855.26146974362
5195.321927295327
5671.16281189315
5254.101298283472
5434.025841634255
5886.240323337839
5783.944084089477
5597.301095863361
5008.278114592419
5979.276181310194
5572.13909189901
5460.079567699064
5319.245546614166
5815.587466672367
5870.782882787919
5790.882688405775
5618.409776018036
5313.814953888329
5611.55145329556
5413.906652920412
5270.359364312074
5383.963818377704
5896.686719135034
5587.0325396747285
5179.291032853633
5563.134731729785
5353.11520947131
5138.0705866944745
5443.132439815265
5308.844573780517
5221.556664608906
5189.077334017442
5756.913223049062
5906.929146773712
5532.043137107262
5465.070660984363
5619.005044323301
5012.468601146183
5266.996676734028
5944.5274025663675
5820.154036444188
5534.181072006701
5722.088655240937
5400.949295242931
5960.230511801209
5738.401755781205
5108.984413576802
5295.750111898772
5295.406395060227
5671.74831649327
5548.197948568741
5528.769277811964
5261.70348443877
5738.746758939936
5911.1159945368545
5174.587895049584
5462.5218968427225
5267.011059351116
5134.755564880542
5132.179940025126
5673.654045908732
5752.366682820696
5952.62710000263
5935.325201155991
5610.975348094956
5419.514634175802
5321.501084333532
5944.784453343328
5596.569405766202
5277.950776484827
5657.837087786882
5929.476803031021
5963.83287857654
5313.751534341705
5421.799246457024
5917.762366976952
5457.6219687597995
5055.252754824394
5331.29241252199
5525.429764048509
5353.163413547677
5910.156062645891
5485.993521964643
5468.663067634551
5612.766139415921
5568.374225953358
5625.705480879553
5887.154272045253
5573.181359056707
5859.722161116142
5458.460123015958
5027.5146084888165
5866.973064426317
5548.189381577609
5059.1206472014555
5856.2680653599855
5612.726116168194
5184.329993042431
5787.034509392146
5824.67330001052
5324.144681991587
5647.5426360203455
5558.753333963441
5556.726361249039
5423.452309984901
5886.81890142118
5378.732309369617
5387.4784029622515
5748.091853536074
5641.662336052001
5367.230690263001
5519.294105669144
5191.696383783952
5533.9780526117875
5335.971034036297
5739.428366578548
5344.002996038894
5087.895140631599
5935.388911509382
5162.096124581219
5266.228280900758
5762.907728108812
5031.3305151349605
5357.221121675572
5105.578108454411
5826.864010622228
5379.266599071233
5834.649493655027
5998.949946753154
5440.437787993491
5419.671246637422
5642.320472435055
5688.987314516841
5350.433996109145
5245.59506104622
5943.25182321942
5441.647586348697
5352.818358361081
5544.905141002736
5896.115206381562
5072.891760651316
5175.996779223172
5581.07340338064
5131.812239846189
5825.299202237746
5623.778364594262
5512.781560515569
5295.376698423609
5626.176986829486
5687.935647630453
5846.067773764564
5102.505099977848
5292.019484653552
5039.576845942285
5571.207651842968
5062.586929559618
5700.603286348244
5350.025764992548
5421.614238188768
5561.297306170754
5712.139835634236
5651.125078924412
5439.874167015855
5985.7070165596415
5405.867673626039
5205.825753649727
5799.130542618615
5518.557810550342
5433.553266292927
5791.114935366348
5842.306824969244
5210.00775776973
5824.528506883678
5000.095262912591
5040.588328607186
5057.254194607642
5278.761552700486
5575.8163107235005
5619.445589897725
5667.693803209619
5637.760950023782
5578.933546083931
5942.82231471283
5167.385449525852
5342.629628931642
5829.6014661489635
5663.817266720564
5166.7918712296005
5761.750414002429
5592.522435912799
5134.779865238436
5809.043360890693
5089.875280707948
5097.953866473969
5031.374383880033
5700.667687276773
5361.509650382822
5322.82114002646
5443.579186813702
5008.400110836404
5685.765852644158
5668.395647371418
5817.96979221768
5419.029130588102
5732.711507692047
5479.168553215589
5606.589814040566
5339.388663228572
5289.369980239206
5887.917699505473
5906.213119038821
5281.39301285725
5307.5628105604355
5739.229251492817
5976.919088337712
5842.923926823138
5656.188801703709
5751.96270279658
5425.212777631977
5933.542313008274
5314.936873836964
5080.281214325883
5903.360202306887
5969.185656854289
5794.870501324984
5656.361104248945
5489.806956717108
5498.950420461963
5177.3979732886855
5948.67275099765
5520.578860171579
5873.814173082692
5100.5309936435
5485.3190230732125
5614.113958023831
5202.973925630724
5431.681396414666
5982.916737566309
5214.644230219131
5654.529964126513
5953.303842216331
5158.295571023155
5678.883845591278
5126.519989952984
5159.80466279394
5199.292595351448
5192.156892193819
5188.261246019176
5181.128607323657
5078.169213469505
5827.006097967496
5592.914833793904
5884.55020188245
5026.6181837192935
5898.701477955378
5320.973205942121
5329.581786034499
5285.430427049593
5385.739541665789
5075.790452926043
5952.881242977686
5630.408051071865
5116.4112767727465
5809.740133598818
5799.90129198459
5987.131040808827
5852.481078658089
5989.480316383279
5234.76572430994
5980.725937272415
5057.867367804055
5464.52695836021
5739.048954504286
5494.675318033115
5630.584422783286
5693.148951981384
5896.313968257376
5062.334386806915
5753.905918367387
5473.060142247619
5892.184811212186
5930.184686116197
5623.77626904416
5467.419239132721
5256.612509443408
5940.329494368969
5448.524430911636
5780.493651685334
5782.779972046313
5594.066542401746
5169.273105455137
5177.904941293161
5293.282697105194
5292.746904694354
5109.562165986958
5830.0204430377735
5300.539992379548
5406.566853333632
5954.072165004417
5408.849827347496
5788.705042604668
5314.039420087774
5459.3938194860775
5518.587746506272
5583.266941780781
5541.297455540528
5444.581496377476
5207.6760108378285
5316.5095144275365
5980.969252384411
5004.1032699208645
5754.166356661195
5358.1045763675575
5947.497182834881
5904.956450841167
5313.515655917418
5596.264526702549
5794.306264430134
5141.6766885476845
5713.282700986225
5637.766918527733
5743.479452440657
5958.144901047345
5729.254652207475
5407.069778603332
5941.476658382569
5596.481671160919
5087.594014491962
5998.04142276315
5583.931151199424
5984.105955985486
5121.02987672339
5623.223718862877
5993.350270577162
5034.1679344529
5119.732897648892
5928.824181768125
5115.496197199859
5895.705264948835
5796.209108992383
5600.619911926103
5246.937445220011
5126.421470894175
5456.087295912244
5572.977392035952
5564.640645002778
5116.867993270066
5511.365915824028
5871.332717190522
5253.607781765016
5990.976739527256
5943.106038619006
5138.695845060653
5542.0704603796985
5954.7248404395505
5898.186901884543
5179.762969384888
5554.785289418108
5000.686904304829
5394.731414101363
5052.4529551093265
5604.696782963559
5700.317735692412
5428.059873820208
5284.866908240376
5497.8073495297085
5174.999622124608
5147.587451338814
5958.686304099357
5661.887711645912
5368.675494674347
5630.112273599749
5579.714770569353
5540.899387321424
5491.443572419303
5441.9388846714655
5619.536364049744
5615.721723357844
5235.847300452823
5235.505922282431
5056.304630994743
5120.42166517568
5726.436871934756
5264.994673438608
5954.150980416361
5390.990072694839
5358.282239922385
5609.891918587574
5620.470475821889
5580.9666738635015
5881.032993229488
5037.42755596485
5846.710642749751
5140.171948836204
5522.911058737629
5314.734407941414
5701.833240941253
5290.992763765415
5544.576737412621
5185.7945747907925
5351.588076961692
5347.263835734224
5015.627460711699
5148.242239519821
5466.121784609633
5298.1162842046215
5579.497730292822
5360.888346272277
5912.3243367459745
5443.848488689734
5074.112537536531
5073.215478707247
5236.229193151722
5403.250916657855
5140.436629911213
5273.409625567577
5145.765382528949
5277.673478391316
5282.682260093901
5273.831711821021
5560.00567026435
5709.662127713042
5607.379876388532
5941.36734901882
5398.173200705016
5189.207918269522
5177.884755552586
5505.697898549615
5100.767308810492
5092.809038043152
5584.435896778228
5603.599638873012
5645.973091937964
5705.875276992226
5221.190002613309
5382.650472701171
5764.830794326225
5806.624545849133
5763.509935618364
5761.340793808702
5709.949975484181
5523.498243747996
5869.300892491853
5270.448217624347
5729.594297742551
5420.954584553937
5343.964975267633
5559.965603188858
5201.149606128145
5433.369505966292
5709.821125768613
5655.099077999793
5696.03486568483
5039.128469419409
5094.950499675377
5632.259099922682
5575.370004287451
5851.857268113297
5471.0283960687075
5940.975100571879
5399.847191982397
5596.656684164704
5735.134851672108
5626.744022254825
5564.906303439979
5221.2657384556405
5486.061933507201
5900.726234751013
5021.881312821001
5077.9209049459
5342.539316277034
5022.073212998737
5746.413567290743
5098.193599191284
5654.400994011136
5786.48552203997
5166.127851496114
5031.350799641049
5443.858357622813
5207.913783771949
5895.95287698319
5071.756141474201
5821.671544588026
5765.7258319611465
5535.470151978812
5006.193413878541
5339.575092029029
