689.5448193948713
583.7943592506663
740.9661984835045
970.053866680686
567.9045644452736
556.3971841998908
733.2623707106228
536.1672433380952
710.4203231622691
659.628769704082
559.3433830425255
605.7170066944495
815.7477974502248
994.3543679988754
878.8493491016974
832.5931710401003
797.7128135684148
666.1217209213336
535.7569780531662
843.1916396725164
598.2938413174428
782.7697660685849
872.091684368474
656.9765206719152
710.9608628340827
574.2796047509555
890.5936377287414
969.722020264606
987.931109515737
601.3800471296996
774.8942071176607
786.1931944821388
549.3821036132412
965.3310379212026
810.8703105642173
630.6039006894212
976.1790270000406
992.8133814529939
509.1939915076251
609.3604790801119
964.9434347125648
591.5207850745599
914.4466347061227
661.3989987796203
753.3515090698734
623.393040393434
841.3943207078289
736.5162325578831
508.5803440398984
733.9110821903803
536.6644749205576
694.0647734058014
604.1649173506325
724.5876360595206
730.7889310156338
630.148393762085
600.3048452314139
521.7763452113649
879.9377345156469
605.6691589069412
628.3401342245816
520.4485505295733
775.1249022491331
683.0178291740046
608.5784789411795
751.2024701553881
750.0894468368222
632.2076943791793
753.740337538085
694.6417249301617
874.3245419379546
524.9197505809542
668.3493343019807
742.1426049790671
907.3379403722561
882.1555030611216
922.0543928472757
731.9764554969877
532.0281580621163
561.6567065763082
583.2378734912894
589.2194238230097
806.6391235077457
676.5983632577941
809.5271395251402
930.4779578152718
557.1685487658749
959.2661540360207
740.0639753439991
557.2245657471825
741.3686657373559
945.9819358478462
820.100885693713
541.1118322310368
885.7553459996956
760.3157104320146
506.31307976017087
903.2590909630762
869.7488503781196
568.7538542739943
577.6022318266229
808.2688148065652
797.7034231429452
817.5884846394204
500.1660934758539
617.0271825382349
787.525050983204
819.546424011507
814.725594545177
831.6605171293575
801.5814479478039
787.1505612486362
518.7589329676938
790.5216586544338
956.0818797947701
546.833831278222
744.8064430368671
827.9637735881838
908.6766974660729
500.6048652992827
736.1406621856831
986.2515977379403
828.3442260708097
864.4758590632885
740.4014057020057
742.895481106428
532.8504330310005
519.3385739838088
648.1830173616827
655.8573324225982
716.4223518594715
791.687884388357
977.1187865910316
710.319532189578
724.2008057106648
916.9640946804437
840.2547237217149
954.0507472436608
526.0042411289797
830.7135667155178
896.3420665008362
563.8429104580133
680.2713189683074
737.9034783089276
619.6174736458031
530.3022712564183
914.2958924949155
673.8902893837344
813.1224695395945
938.7217692399155
530.0483727774911
821.0706460710601
519.0408927704195
903.5465173404652
507.51672644150193
585.7846466267733
693.3959849846376
729.631476540326
506.6576287490011
660.4193941534853
590.9043067376067
512.1990382672788
791.6308267189245
779.5818409111644
629.3451731738746
591.9386269127916
653.9094004922058
721.8342367013829
723.2013133230131
968.8885696039401
894.573950517811
932.7566397926594
897.3252214577606
705.3739362198718
781.7182688586415
770.0148296656569
507.1670827278572
594.1897401604654
708.569219785637
683.0448314831386
935.8763027822288
645.7487319474847
979.0586881649839
709.2255396691344
963.2246583433306
691.0126288191136
874.3363173426685
731.5336747176548
989.1598411731991
769.1882698811637
872.782309025557
511.956693974431
675.1984290024448
924.4031957425143
583.4247798551072
515.1684562106228
665.519476612074
819.4623943119047
961.1368547325942
566.2065125180951
600.9702044005594
550.2058366620859
554.9785110749805
658.2708735908325
853.6657963209834
700.1161718802188
776.9753250099259
571.0531998741142
646.0836768063366
980.7646362599958
781.0822733675569
989.6031041765539
677.8965740240703
553.2459456064058
600.8014750322666
606.3156393489164
877.8659773410623
817.6124363157746
585.8049668727133
870.5994204666729
714.9173778759366
568.4988597513792
914.2362635548402
738.4343182468192
603.435465362682
504.68589276251345
786.5587770586958
607.3260660797515
790.9466652706692
613.6369513453546
813.1489957400574
581.8685153586965
994.260149628436
740.3842478795068
718.5626219506967
933.2482324691282
716.4905006815251
847.6513254681844
593.3390614905402
637.6230094541081
687.4166380803717
875.7394287600612
837.8379764197996
525.8868365757031
638.7539094929748
761.9539100499857
627.4951744931286
526.8526304575372
699.2408399288535
649.9400634088367
920.564633024893
911.568841408802
951.2324010924318
570.5955534631893
592.1797055203316
652.1708927576612
715.1603670211991
836.1865599360667
796.1049835230737
789.7640775041632
976.1648731484324
618.6587380070516
846.3850977744212
905.2941027928798
508.83077871377156
592.5759437564482
918.4633700429944
641.254628461632
893.1407340623605
512.456378582687
598.9445134819224
655.7289782373152
561.5370595299687
888.7300314575309
552.459182830114
543.6752100089401
503.0586461099487
642.0575499385113
565.8809013599732
897.6567206035838
591.0485241484034
721.4930530502523
558.710740201087
668.8961359449638
879.7521407412237
688.775845810431
834.3364068077678
587.646652722648
699.8118782367741
728.8510819728979
927.1592742046121
512.110335761113
907.941476724851
805.8214368786603
863.8592515937914
541.0913732268516
927.1839217640795
510.77207408267515
981.6067539379707
794.9245974790945
905.9537481134181
927.5158519671052
949.8507469799167
649.6820917198156
782.6118788813947
968.9574681348325
614.8690926833292
885.2788573870246
516.1780661231433
667.8580497477658
845.5723187579862
742.2541204643896
875.7875600919472
840.7956687784027
934.0220608717059
964.3932345566247
707.502647121328
957.1361445723655
806.3252601253137
947.7953025637876
961.7593423205462
901.3455565579964
786.6607309167592
825.3740551066047
540.5813391426806
812.3610920696494
500.0506715383776
514.9213615041202
846.9876140851093
819.4667905736152
653.6164190432341
642.7751270991084
693.5373561910897
817.143299428996
633.9754254912461
827.7757580713323
666.0912549993882
900.9419405071865
644.3999153553765
787.4229309499124
723.5178778101076
699.79673136816
926.9412421520831
639.8258191602076
965.7988010300176
523.4859058160163
544.9633035703528
658.2424652109985
849.3424432166053
927.2583704406414
625.3449799191825
537.023860689857
763.919864566933
751.3721475217502
953.1912977241428
666.085699162687
697.26090339747
669.6545287880112
729.959571634403
529.6386869157004
904.0061880181917
927.0998990555948
856.4276168269445
685.8601090397324
576.2270522710271
912.0666141352807
669.9527035327868
930.8300040273805
544.5554591429077
823.0660479658839
744.3090483039434
864.1585902783258
909.3271075097
823.0740342819026
566.0347165354989
817.5589897468259
724.1994191018075
984.0809746952441
560.7525377711278
972.2713412529444
591.7797279291586
634.3388378252267
500.56394208571714
707.7674020913681
571.9731870236621
954.1227037684894
723.9762432928653
902.5122114140634
713.8478371794932
515.250013762342
905.0095340704047
967.0780116628657
965.6715809741956
745.5257125516553
977.59770624043
691.3512477107963
766.6969236702914
707.2663155708482
573.6979072795941
651.7600007655506
572.4843955989741
932.9346192360408
958.1908668108699
741.0375579470413
600.2983145629238
793.809016865958
976.8404212985166
603.3461240890792
667.8148167139688
745.8847549180281
987.4166659308348
518.9546214260358
802.4374267529726
963.6330775917058
591.9366131804888
624.5669274216544
698.5700041351156
653.0762171813699
685.8585106618693
878.1111364625862
804.6637205900028
991.7119825663314
787.3035683998913
871.3206531913052
692.3811382120017
583.9857198268459
959.1847989593301
503.3296515416976
806.7438771846116
580.1599056315274
883.0710508492255
764.4903889740062
643.8619499971132
691.3531279767662
945.0823361859103
709.5126863293056
918.7614280572363
607.360051719888
808.3810979319064
673.7974190723041
949.3037939818059
754.086624380395
519.2339673177587
678.1182896980408
861.0591664347595
702.6749124057723
940.8787153921292
614.1831035317442
811.1817401412873
977.3730505399274
791.5320137910455
974.6447780586384
585.8077622070232
877.0214335986271
746.2153613061308
640.946023565175
504.73020407559864
808.1593592787049
704.1733037767066
939.0895196030874
918.0630213626035
532.6445607994849
812.993003325211
727.2544863519581
724.8720525951667
525.3154753434007
744.3404507171045
679.4023186559278
965.5736790182506
804.0091521660019
946.3658566996407
652.3516052678726
973.3498688215909
513.5922706933841
857.829810624164
946.8244467399488
837.5505618913965
799.6917797978348
732.2404045985528
550.1441018339104
857.5766725353685
822.1382467909483
750.6282237143648
754.9072789632833
784.2800237049448
753.9870888607361
645.208993339502
528.4398221124867
510.34267829906725
676.6283643015782
536.4061516091494
969.0790113411003
858.164147270565
627.4514272742896
789.1070634663477
684.9158884207089
518.4910869157602
755.391862547142
908.5905855092614
648.7156679952869
532.9437702722998
953.8661459794905
750.7685099471821
967.771262978502
721.3879068565757
971.8867289908474
820.6794432087758
839.796487508444
893.9204274078613
707.555084089237
938.2829848252718
669.5550794636129
708.541239596932
534.9465255122648
978.1105391683402
792.0641555517875
597.3385535966408
631.4660279203312
751.9972521707839
532.3854270673929
602.3416447928096
754.870778950726
797.6919523816711
625.3011850921228
547.2629266106998
841.5852854838892
952.8546320845503
844.0329940806391
940.5181154408698
559.827343761704
923.4164463399461
789.7948548639552
594.2699039857896
836.332547266952
605.4441514557836
571.7600561950445
964.2758799717304
719.7176445602176
564.6759821190947
943.0557174972721
939.3739128197831
968.6017323131741
778.503375560945
515.7625694278213
516.0659928097208
822.8516111846702
708.9025049742005
801.9281689357992
827.5976509625688
934.8145493471129
982.284861775774
765.5669834328721
975.2854023512505
561.5539572989503
978.5584558858687
734.4016179079366
573.9680051722326
698.0896811707886
835.9289898048238
649.6949219771478
965.0774502679697
558.818985962788
692.8064434153696
511.8338431943783
850.3843214735423
579.5138481386152
