0.46781090765287947
0.4904682112537885
0.18730236166712638
0.13734475450960484
0.11142425969696529
0.29087378039630396
0.36501273262095035
0.23581404367885284
0.4616379812758107
0.30508475336476737
0.3465215744234121
0.31509418701359004
0.41939312276534335
0.33860282615090537
0.10434411653526099
0.16785496494049051
0.41172701159240777
0.46745150188345863
0.1618872683597754
0.4759463899788281
0.10646033300701162
0.19973193840230025
0.1727725721273266
0.28775939153071495
0.45958518437648943
0.1728070025920515
0.2660818095915273
0.37327188036176573
0.2647257901522485
0.23917549314568454
0.1725906850532677
0.2413130973458757
0.46857631293644497
0.4870376699107145
0.2482112621518121
0.37645337758855135
0.129351820738957
0.11913906952395137
0.18119592599921408
0.429186286543651
0.15875264625806618
0.445744814377104
0.49114408810535093
0.3623098516569705
0.4365880823049776
0.4981600244510209
0.40586412311001463
0.2699755242779168
0.19652035449189428
0.45376851181313727
0.23941077514487677
0.22343636465899072
0.1324604313702644
0.268685808278242
0.3448068381969007
0.27308348235389907
0.32743366940414315
0.29256759080379
0.15275581874956956
0.36891767193098823
0.15499176141335247
0.1669327891757657
0.38561483021952625
0.35500941553745713
0.1842996157048556
0.22475810254405384
0.3709082862774058
0.19288883673323218
0.10462479312421613
0.48427560250948387
0.47698096776919663
0.2794430717231991
0.46979694656535165
0.4055420796768927
0.348871253708142
0.4628815147255311
0.2164102602966832
0.22739479073308522
0.4537807023198117
0.37680921476625073
0.4226094489856792
0.28315566695027417
0.16760938552043697
0.32426113706078674
0.26696115888888805
0.2581243687345488
0.3868525552158306
0.2030976733834273
0.33255161799037847
0.3546176325192828
0.36162034240064467
0.1919922857840788
0.41390922228979976
0.3117415126006483
0.3654177654148506
0.43604560931804415
0.4116370461999759
0.4486118356477474
0.4019205800281688
0.2133595657793483
0.29968397255688906
0.36332738070116044
0.4038070953612011
0.2927149403083351
0.26399368757212405
0.24677378916144802
0.46293310861154036
0.2673229300383779
0.22842594977318603
0.47694832899743056
0.49059063466740105
0.21678491475529046
0.24657242551495925
0.24364006475294286
0.13911242043966016
0.2734542393401833
0.3942620994197449
0.3092060032184061
0.36500004267259545
0.4346140208774266
0.4808953933832435
0.38758786548761115
0.16327348310731238
0.23337564263592403
0.3727045764535484
0.2183970827898865
0.13467403848794002
0.4896777924127782
0.3442327666962688
0.14310566365488353
0.21261516029392966
0.4172556696273726
0.3296251106953357
0.19671672673632692
0.17336558377145234
0.3987188216388394
0.2595717972955419
0.27642751940373556
0.3706408008551064
0.4878326585539695
0.1465596844914283
0.42180218615416554
0.385252684175299
0.263956337175632
0.32525559007039667
0.38364771655458785
0.2753440608216494
0.12561584562127545
0.30563253384022093
0.33048267823753685
0.14100653562534604
0.2950055571049821
0.27802769640284636
0.1278688305618395
0.43368106315276755
0.17551944162558042
0.10301480854105267
0.37767033414102824
0.49154682810158257
0.14063647874197197
0.31036053161749494
0.3261093181260847
0.44040570101670595
0.44156254777837356
0.12474145143839643
0.42082554769493075
0.254125207206762
0.22022540391206433
0.3224696213126528
0.15919506751939855
0.2505066689688256
0.4792101036856574
0.3299515378902451
0.17420610209838377
0.1956516231825361
0.1210573706440631
0.47528940562153277
0.33083545370619627
0.3183855710777608
0.38668320867219963
0.33246959919611796
0.11857143590242965
0.4424451075846837
0.14531325406390955
0.3283715662153296
0.386790048834214
0.11356603241380472
0.20095084295453136
0.4451312681505165
0.2525281904130803
0.4046746624290438
0.15408717010415096
0.29736183805120897
0.2893335933988348
0.3122258172149424
0.2087323646234024
0.1565930210491875
0.22980023104270036
0.36772880812548425
0.4280528543529458
0.30934867307845904
0.19675384881154498
0.45399860309201634
0.289600049406866
0.3119020315416284
0.3599396851797835
0.11136718075520387
0.3730350503408548
0.11775649674382499
0.20887348123903937
0.2658037217970738
0.13355574410953364
0.281812403375016
0.4414411565799804
0.20077739045519208
0.1427337186997404
0.16931695699847277
0.18024520232163704
0.369414819771162
0.21624766587821914
0.2902548303717458
0.244255378640422
0.378082971737555
0.4932489920238279
0.23065975649822304
0.28875356858450624
0.21275177560359634
0.47643608632488366
0.10981690848339865
0.4570655011873659
0.39009437424129667
0.29849747109952796
0.1945742301297303
0.29154130813162904
0.24422505911137835
0.37562017870123865
0.17615426178132476
0.3538503033430421
0.28735724411766106
0.48207945497275506
0.24201465898790928
0.4883959282680852
0.40461136573125744
0.34031375063701175
0.457939524395929
0.39180091407190043
0.2208923642618279
0.24522530787312205
0.16914931787081722
0.22380931601822318
0.45945794345948965
0.21174190452946529
0.20322953873170127
0.41211315178085683
0.3856244600954246
0.47878247102449645
0.440718538257003
0.262628236894585
0.4908946103987798
0.25566329181922076
0.4988196681090923
0.303855411410297
0.17939716484446802
0.4401415641591997
0.10772005584230011
0.36566400055630155
0.32621598203756696
0.21774939779978186
0.1301196868889817
0.4088922667898277
0.44407436368091224
0.4526522515136884
0.24428219872690696
0.4775601116351522
0.16599599343083205
0.34686720644279034
0.48736717268357266
0.14952866522180994
0.3080342088331871
0.33314985969224276
0.4065737238409367
0.4101556153450109
0.25754341764062083
0.19417281709105932
0.3089495181533415
0.32108859523494965
0.1770884587805017
0.19913253714960089
0.19158839245087278
0.2850853535555523
0.2594817007544651
0.4085424448247763
0.21375022942912195
0.27045954569737896
0.4691867648362201
0.17503060935922632
0.17004811700494799
0.2668944348272676
0.36465767306346264
0.20268269082979923
0.204976820971888
0.40154179829147907
0.13703493979000136
0.4842458558959515
0.26662212903444893
0.2918234119119527
0.3138746505087934
0.34897561138489785
0.20435025078780877
0.34199573742469447
0.23228418825261676
0.42311838139123614
0.4944620271603929
0.4588113366393515
0.4698326949176712
0.12257373562725454
0.22949419434074447
0.22853367720681234
0.142270223518757
0.16204857125039532
0.1902484228557377
0.24211038020494985
0.3811991079514382
0.35692360160654013
0.31721813248432196
0.21664819196427418
0.2916845111341917
0.18427366449858745
0.15710142340644043
0.17132599918353125
0.17158466214972767
0.1466539592661943
0.4289396564700102
0.3598101217471026
0.12654027479256788
0.20369854792854813
0.12748212023926625
0.44873139177954213
0.1759502475986755
0.23919336474573424
0.3290222308407734
0.10371594922837031
0.3658090141166396
0.17213020534997883
0.4832408252087632
0.2154862067326415
0.3511607382362806
0.2749069268841514
0.4712413447849446
0.40554629798101927
0.3771063481413237
0.46635301795705575
0.2636085101903166
0.3699211706737572
0.39021293018183756
0.11974320628261231
0.4519341412913329
0.2621969137951218
0.4165853059551117
0.14003772291448208
0.44337273906782515
0.47437301157599987
0.3655034858938345
0.16907376294130355
0.42262272070431295
0.47368787307588844
0.326471915861547
0.4943382703539838
0.27500322339665695
0.18089506509331532
0.40376483050723977
0.4311066523408812
0.4422039061802594
0.43641623686093045
0.22263887644458677
0.49782558765275264
0.11439041074316232
0.38365462717611964
0.28683809251308623
0.4599105443853069
0.4734261553253969
0.41981825443974874
0.1995691277288466
0.4337956018812187
0.4701124884810558
0.10550405907338144
0.20825778760554103
0.42228471018585745
0.27208025243978684
0.2979632989616675
0.18859056278949785
0.12470757051229363
0.4110014799745044
0.20122753987627956
0.22806752863654292
0.18410530491734983
0.22783914795941348
0.41610980425551813
0.17610983333821034
0.4611165255304688
0.189598906023739
0.3705327482465405
0.3150451998991587
0.414008060679826
0.1698622280427154
0.2415366938106633
0.3631261914596794
0.2584630659471274
0.471895170853892
0.42611975472692987
0.12564371838486466
0.4396351028198908
0.17493180356762164
0.2684115049555662
0.14711015196698282
0.3690726190883281
0.4017026900388163
0.3649488207016076
0.3492237468166235
0.3557125773025275
0.34745762541756964
0.29375148649210714
0.30064639990182584
0.4998216130234334
0.20356249124356493
0.30486587959535744
0.24239147318614196
0.150147233385824
0.36020315727286
0.38564484461282444
0.4865463467684823
0.251531040592335
0.3223214894191577
0.28430816171140255
0.18410919677255758
0.37858505500088757
0.3105898411366552
0.2215582688230988
0.4740392250967601
0.40548263395312145
0.13558757881552175
0.21194654970973456
0.19485978144916705
0.27686942170211315
0.2292907881904973
0.4061866927105573
0.2661944724250154
0.37222649601326285
0.2220521895866997
0.4967147063159807
0.1993907341498291
0.3675059392825645
0.22954766940616028
0.19090116401879517
0.22362234173728057
0.2395490255407002
0.24288931855607598
0.40545018102262875
0.23874099504635998
0.47801727306580966
0.43851550944004714
0.3545779074689206
0.11127187032958004
0.13827282939502267
0.3831595216625545
0.2725468051426863
0.13607578945520463
0.47625762081436507
0.4816447621786024
0.1329044219782225
0.4942420048110826
0.38122612758164987
0.22870337587360462
0.11703138318313377
0.1424249086039826
0.4235734381020617
0.2599782388206518
0.17777195346415306
0.4702076169254189
0.24659811248766098
0.32703395875013264
0.12403568496345274
0.10449541951245617
0.35856419660442496
0.45946950512464146
0.2368684383619073
0.33307703876419953
0.43093912121119915
0.2122220054742061
0.15975330559084197
0.21257827686854913
0.39797424514118285
0.3701362021066319
0.2137709536215716
0.28715275301093196
0.2599023817337158
0.1365706060747708
0.21893220893970963
0.33814880054296453
0.2846932173173944
0.25431618966356023
0.29135595566284755
0.30047642755250403
0.47815243837137855
0.41160247389022553
0.14672703056681466
0.3947737080661059
0.43144163187521833
0.24042328648623568
0.4250224048093648
0.13412156034422523
0.3302008951629575
0.480976476908356
0.4648655905577762
0.2080551331792172
0.2552348451087794
0.32863455143109455
0.4296978022096828
0.15235374471572227
0.3257535922515487
0.4981144131490888
0.30110461060077265
0.2413799932831589
0.12990178319532736
0.42341516831499515
0.3410247917373018
0.2616128132913932
0.34057505916467223
0.37715223958851696
0.15780240959604985
0.11157517530225772
0.10290925157429492
0.46827060947532917
0.12003473486777057
0.2733666412477024
0.24584094700960535
0.3826724570983012
0.4334670408790573
0.351832119524108
0.19178716903276763
0.4778146901079484
0.21877294538766262
0.12094591654389189
0.2983553157401211
0.4789018323765516
0.20624075724771324
0.335349090614405
0.1735050598350097
0.3805474783970372
0.14414432976823935
0.3284963981267074
0.2669785527787086
0.25824662038244706
0.2991495870034536
0.11875366866687878
0.2969564549628596
0.39104732164439915
0.36506460166761956
0.3697535409239784
0.3455592206654175
0.3545328040665555
0.47016744322479775
0.13811345226266436
0.16073504574202924
0.34571089573192815
0.11134373677067672
0.33479280688451096
0.3592119084577139
0.47881602618332375
0.34477652789627244
0.1790565669154053
0.44494684547866037
0.2858687753277126
0.2693437296311897
0.17634232931410151
0.3207830953911551
0.36603030579427764
0.41854923518000564
0.18806003928407114
0.1843432591938272
0.2569012696089168
0.40021618105366175
0.44301514877708537
0.250132427013824
0.309780795465849
0.3937085279110163
0.26499103221558784
0.3996834787348609
0.45925693555363645
0.41995049136660334
0.46480960231839363
0.23944483179457673
0.12588911916011636
0.14694438308800276
0.1459817785359123
0.3675062348643593
0.2700528115456434
0.49736829349720557
0.22236019884749264
0.224454865685486
0.19719308733228852
0.35132435045801136
0.10825541779751324
0.4629615006536426
0.41202648379941964
0.4168360204920182
0.3200682821135957
0.36119612269646173
0.12452075738671589
0.3747222988801123
0.2874932268661768
0.44851755441733976
0.23283396279496482
0.3305171992792314
0.3724775015761178
0.4655372975884451
0.45036167462040744
0.2807903365000234
0.34288178823443444
0.3966483977978871
0.37891823852858486
0.3465786686526662
0.22126307779135682
0.3844781842351056
0.18470519781352812
0.4041440374417734
0.1025868134974723
0.41857096339949496
0.46234629971984853
0.1865286909634913
