5877.15187250898
5288.156400466017
5446.693302407043
5527.060131717799
5473.55908520048
5733.867537279548
5969.64257284131
5377.486163573613
5910.858479149849
5607.5458888173935
5719.777237690981
5446.501782170845
5502.078857922305
5565.251578952322
5732.939872913917
5607.657581130219
5748.772558996021
5247.85067724421
5078.692204161622
5503.364045862814
5204.40733138502
5438.371736363459
5317.181562492519
5336.786071522208
5726.783961109482
5642.307808996191
5585.1009397803
5246.5599139127335
5931.272387299306
5993.945842033676
5473.383340236875
5634.1759896974045
5640.135746929405
5073.379030450698
5242.348291148079
5179.121657820392
5749.250486583534
5834.786958155125
5225.737387346973
5467.272220030213
5041.104328499488
5356.667127506351
5181.522899571657
5019.983296992389
5213.375872666227
5394.5047028973595
5221.0516917552
5856.979114545824
5826.771262251188
5239.914358359004
5688.956062350244
5722.883783975761
5368.104630503998
5035.9181064176555
5622.891076480554
5504.294958578483
5647.755086176579
5692.4042345925955
5342.286885506636
5653.058426349658
5876.622991641908
5377.717503947926
5875.872819711928
5030.8803480518145
5752.02048970791
5976.222228300952
5214.355946663319
5136.910119865882
5090.36623410789
5562.9902590270085
5301.8848447751025
5024.27954263989
5374.856205652555
5927.305432234331
5229.064292408101
5150.7331033249175
5520.922489150241
5700.756600671492
5141.99374160981
5946.974968928793
5215.467119937943
5260.291399740438
5642.620470295399
5179.901249071194
5201.2476550890715
5114.286602427796
5138.542733659151
5854.056773870945
5388.670536459427
5015.716018478142
5289.637527510469
5675.836006879159
5848.695936533661
5256.73442888057
5685.1075871939365
5021.180709822943
5680.690463910268
5900.296320284697
5306.163497305884
5941.129636562068
5163.100577111009
5431.400457290568
5158.722889979164
5460.100562793325
5803.3764264121055
5398.336334725558
5060.329915877311
5482.685839785319
5768.519626705921
5606.44234090621
5053.701359159964
5454.805395225809
5676.184982295312
5891.489594361466
5971.877875456939
5118.428576089825
5595.739168685243
5966.782312534294
5853.757456038757
5171.159623065744
5114.098404571872
5863.083752939707
5464.88137649311
5968.953509367075
5599.909136768237
5615.170823980618
5424.57110018015
5936.607975750782
5365.810945130155
5596.115209892321
5419.591024429665
5429.516364771173
5959.9750498315325
5229.089168217812
5553.073168806644
5023.835822590929
5699.757867882016
5489.629514676514
5850.430592766012
5993.137564330234
5399.952790917501
5357.448124578982
5097.012962796932
5839.382478323975
5916.5687857636485
5152.415361536081
5281.720338257207
5257.332764876208
5091.472918817522
5266.202616880004
5508.739706740673
5652.353990176958
5039.314254111027
5992.470820454781
5183.425582755233
5948.413922517952
5658.6954570236985
5209.787434965172
5714.801440091818
5278.97254555582
5665.9114963797
5791.155634467791
5668.16649189718
5787.699607054817
5535.0049793938215
5082.471967845048
5924.331354749545
5235.904292453602
5779.396813859343
5606.3742468515775
5174.851225434551
5734.36844047406
5992.559402079425
5414.119966095997
5390.246311431949
5902.705857371211
5920.605004030234
5539.034293919367
5488.600409643413
5509.593802596447
5690.835293222976
5546.336149606008
5452.04054958735
5518.347017431637
5428.106245793596
5827.127142898205
5655.618327491073
5631.543682169292
5418.001746603075
5864.32040244722
5237.208734326763
5362.008656338276
5849.461728674392
5078.176390410123
5968.074387816212
5340.610980940934
5462.200885877666
5107.9871577822105
5989.0077102058385
5861.1523599608145
5626.099470398256
5905.216607565592
5836.132307095074
5624.836737929858
5047.279482241503
5212.2010686213935
5484.27922360116
5566.42855969923
5726.063111375209
5805.20738862848
5438.163623898261
5008.470223787665
5797.462562327658
5225.526751382906
5555.393546553982
5169.478868417349
5274.213784933174
5811.662179669446
5012.134738968313
5072.61017858925
5194.181799593643
5921.0477674308895
5099.651040097708
5364.10888887311
5508.611515831961
5725.954529638858
5850.539159830486
5683.368475663043
5625.747776708589
5039.488015234078
5165.1283602118265
5562.127138680117
5133.194120383049
5329.623860385524
5583.9693717641885
5802.091963392696
5077.925679665788
5096.636227071294
5156.763705681586
5110.625538569788
5995.907353959812
5526.070384061044
5221.209582596474
5458.508483300058
5008.069913321367
5919.134082750055
5654.220840459569
5231.383973057705
5458.132456595133
5357.649165092393
5719.567819642703
5901.126692558785
5425.583311224837
5485.883413140061
5750.940603946394
5600.449525131645
5917.438770265319
5902.021353343052
5129.011732920376
5205.384232270825
5282.605606522218
5303.327397102056
5281.723376131329
5121.159601639102
5636.863746286782
5669.467460528979
5973.676477742427
5288.114106015321
5321.668697527113
5145.531208751836
5683.377895207843
5933.337403180643
5007.534897629816
5842.712573219476
5427.385158427046
5923.061374058274
5553.290413800942
5907.0823618049835
5088.393620792214
5447.90285294577
5913.504526344402
5086.439035373557
5337.610558863836
5292.354576193641
5346.523286621275
5434.433573128989
5833.143341207049
5606.6397191125325
5621.893717149222
5533.05497768924
5871.572995517268
5090.805784341743
5313.945994027017
5856.858938056547
5389.771885810445
5133.985164940814
5837.346821941774
5546.912221560569
5389.7925066331645
5671.543297185846
5751.011946213067
5558.731524298259
5193.864672386051
5881.749510953651
5245.3470261735065
5158.984942737276
5899.992840697286
5440.215351151471
5771.4341731117065
5522.152876533712
5636.379720239955
5169.443053932969
5086.919558708806
5075.084452645176
5198.614580872887
5577.291459944627
5889.193435401906
5905.364070207147
5512.367497852693
5642.309252913754
5779.509512237867
5605.565591675543
5686.352628280177
5964.89618844195
5810.006420572969
5461.081951872599
5127.117218978403
5981.969869411005
5484.847848474325
5214.888141075232
5817.83177049908
5033.188965570481
5311.055626360214
5158.208439952083
5188.353981752333
5277.93903148746
5500.425214021889
5962.298181892752
5630.38559617709
5057.746601700828
5649.614853258652
5752.011927604701
5641.210879154861
5864.17870295848
5634.569902285066
5586.452580056637
5682.182748266445
5912.806851040742
5575.126089027745
5592.859098061661
5795.158297475365
5183.3766002779175
5900.700134643367
5968.183719501362
5003.415525298303
5081.578125692932
5711.379267602178
5181.85016428283
5890.186669575289
5940.723829103981
5750.645169225334
5565.6371811443305
5079.827725709511
5269.247818816124
5093.319483461965
5974.010781650866
5682.360617255495
5635.33634879508
5468.439348198718
5123.826484239192
5002.084071881805
5848.5617645459
5517.367377595855
5625.736563402546
5244.26384013168
5390.959983328318
5079.287004375763
5941.193770078867
5009.689942197227
5136.447993729984
5743.927104319683
5087.610663726792
5253.319094834293
5125.854724871647
5761.564612110923
5673.087883707187
5827.111180597212
5968.37854341269
5752.1560002273
5686.371387299941
5777.395823533416
5447.570842071197
5089.52124368927
5982.667354137894
5663.268191121718
5784.423919618206
5339.971440218032
5470.187121128322
5665.812651390088
5766.375488214784
5416.383997384663
5442.372380272745
5108.609014276841
5282.253271645003
5060.96954999358
5151.802692886845
5042.671921977262
5835.051383370329
5177.71966554592
5481.1382421765065
5811.867274607998
5103.103718803248
5541.659156605286
5320.759151051846
5955.441252740233
5476.630119876763
5200.951003399082
5045.002349826299
5487.409052627169
5986.505353373714
5715.077062437831
5035.202615515643
5569.166776611184
5413.75403334171
5065.7752853804595
5263.460423080811
5539.17730757227
5886.764008051956
5176.530117318156
5763.281340084835
5828.885063661228
5893.732638183292
5066.796410350142
5765.162999456341
5026.066387131549
5082.2314127572245
5526.5213932063
5856.374242989259
5991.184745191212
5429.529900795362
5396.689441023194
5279.0244959442525
5340.083670958699
5556.867997951064
5985.390065916464
5239.43319024794
5029.435374354997
5818.448875507755
5749.358448489316
5241.716791459098
5437.862898914286
5508.073142083363
5322.193343931795
5813.406616800256
5149.295484783497
5952.568220327763
5201.072201958102
5668.429937055873
5447.63528046024
5051.476066894937
5893.588024703118
5462.603800268585
5856.003827810694
5211.83002912789
5901.074346420671
5718.898041165806
5768.697014554219
5940.217453572089
5869.821146821641
5327.228541257543
5422.953157245446
5078.469589804207
5081.202402781598
5031.646792191041
5311.690691000676
5932.75909193191
5276.792396317155
5954.2553288350055
5496.227342493486
5640.3444556736185
5990.685630722654
5214.831762256177
5483.1010949856445
5099.89265868667
5967.213037704295
5632.750619777398
5227.641501687858
5171.7626794717235
5777.9337367543085
5730.640352243556
5641.92974876395
5755.380287624024
5249.52250908384
5067.846382066245
5845.467634158684
5533.209242884917
5285.541263713177
5405.922190273391
5587.295419752141
5289.749800306253
5669.238069837198
5446.369473447984
5089.898011887715
5394.045161898279
5144.5011561410065
5851.671924756797
5527.64277393842
5108.386624998594
5046.532957363301
5148.847823090354
5844.373701881805
5012.6274197502225
5291.867185648439
5399.69525530348
5014.969181497046
5390.628627027984
5022.341005957709
5614.5786639181215
5037.63731229636
5055.184124669279
5388.824546733943
5554.294094861172
5331.854904712015
5826.104727647877
5466.53784980985
5256.147240583363
5565.373288302991
5125.150670087791
5122.291720832957
5698.470162739726
5612.346458118831
5293.481181899144
5370.124964214773
5229.599288749901
5854.643918227044
5590.088643764746
5021.405903659177
5508.304492109604
5139.582062281963
5781.1650793697945
5534.256663235503
5577.220382777911
5404.655718921591
5465.610577021272
5900.273600527578
5543.382199757787
5733.8206029417615
5658.021949653457
5841.3458937710375
5160.133749675391
5262.745885516163
5966.526145280446
5029.071586120542
5665.325670547738
5706.976631411384
5084.401625986868
5072.517490574301
5932.388338129354
5521.613767294479
5174.809093372389
5236.838150475441
5437.457198703789
5978.696180856983
5874.982269692505
5844.16867848137
5888.679337224653
5568.661762664013
5337.382045629944
5992.941154169514
5567.051790173468
5522.88768607079
5481.5584170659085
5279.921546693611
5426.465961426933
5515.300565691364
5079.143073790472
5410.843015890508
5828.746353396125
5254.154639893436
5847.236288000892
5783.729374512968
5932.136573803533
5009.886761252218
5943.298935631855
5082.159268598562
5446.614672275848
5371.349561310347
5128.877648842282
5430.459685493677
5678.707995135879
5283.114271262565
5854.322740361128
5149.552886088051
5052.3034496749815
5557.102340513986
5175.942612858853
5326.1643407233405
5287.925557225609
5257.839981007158
5261.502395721756
5052.500144103457
5799.400005098284
5336.2775359067355
5083.1241804406245
5725.801865366389
5508.827223643305
5427.57387457699
5063.165637814917
5401.449962013811
5850.639885196071
5822.8742291288845
5792.795317280545
5575.827830939797
5897.356880657333
5938.37238166504
5312.598924871178
5061.7241278203555
5827.036381400259
5351.457317166397
5522.945699941828
5810.50776330183
5875.68703870949
5783.044456564081
5193.196779682408
5450.066938767017
5551.51291929773
5444.675215651354
5040.607087359519
5419.05102565564
5231.197996311706
