565.9004935868229
896.9582652825866
980.4053546641445
726.500491053769
563.6232125577285
764.5561994003083
687.7867548475012
707.6898126940539
713.2956446493178
888.4583933696499
686.9360076141123
618.6739051885307
540.9617016767004
670.1320025941252
509.7867876903322
802.912359623839
536.8728685593971
588.3599179887135
776.0220458854944
758.29911412871
631.1989406140785
698.801001422072
934.1073078574553
768.2232038739371
897.7953655032386
894.0933659331174
709.4369015736838
785.0745538450822
753.5706131576543
505.01242104968554
885.2028610111206
539.5556854973676
745.6288191841911
534.0272346893976
888.7690602509961
920.9547195420455
945.9859536100081
744.9469948657701
620.1252341102926
966.6876848300785
549.45989272653
769.6072594437685
591.3832092590469
732.7529356753392
748.4612838499959
656.7034397295586
627.8457777824127
757.1846026676794
763.921530261097
519.4616356499539
565.3408836358043
997.5226095917496
914.7093792849466
576.4214500144408
808.3889627694092
601.6233288060779
780.8562650035794
851.9319688612368
676.5389509785327
935.3519350993397
562.2245989514541
924.9761667509479
839.8688042155243
518.5412854086835
649.4941624202256
792.2761813926048
894.3580966219993
541.5152733179602
985.3632359897792
773.0698385838084
793.5903412233453
816.1946027169098
618.8094995743712
604.9169025747366
675.0003260181359
948.6067327084154
798.4781065132102
637.1517000022018
800.5709586639522
856.3372597700768
673.5299817532898
875.9658070449536
920.694502890771
743.1466456795276
746.5167303042158
903.642705063105
506.7522376555649
762.89582352703
652.9838330638654
937.9319557659345
896.2108959561494
604.1605949322261
604.3934181805057
579.6703449005934
616.7511417858046
549.2420051128908
992.118736292706
830.4625950265167
915.202901162566
975.7629237538197
693.7876931184965
986.613510527183
658.4093362766578
823.477111337528
838.2651918618485
577.7879600195955
807.0419389629565
571.9537883922554
746.1732948262404
709.1548503790714
795.3620120074856
952.1760930852345
736.7246062357667
731.2684461004822
902.2797896810955
566.4708102738058
815.1220607008263
984.632338845266
704.9621803706664
955.0085951232072
527.2316365593722
685.0826517942652
636.1485270340233
576.9969852447292
604.4894074442051
686.9913072254715
926.8269196518465
639.7548963947744
607.1427060540799
939.9021899057793
713.2505212708526
580.6158292150714
730.668617944784
779.2594869917382
677.5874139999687
608.9264518976787
717.7268740689357
860.7431275124666
753.0519587593774
801.3565729893529
799.96260766172
982.9761440808113
571.7512222390258
810.8066123310232
753.7882879145911
850.4636218255308
635.5067112915507
985.1858914747925
750.6280084699092
884.080808388823
953.5333080474347
945.2138412035985
528.8533299046519
520.183789764736
875.0314341649287
613.6396910543599
581.9873758701349
827.1487918663104
549.9026596952452
904.9734333960623
584.0245087484038
704.0700767598287
665.0361912788401
915.5464409019356
883.989554676607
832.8695652135025
922.7647958723902
766.0155305191902
841.6241451293108
946.400407357452
788.3032778299778
643.3914422232685
793.7390195431072
805.0189214803138
706.9592161330532
890.758332308446
619.5609990484612
961.2366483218378
893.9314233564251
942.5065713044332
647.9279602822918
594.5638350144803
773.8747271795819
746.9129763639246
934.0045326573431
751.8083015283005
853.274937964716
622.6573369396151
515.298232714575
763.7507223378334
917.0085851632915
585.642403380595
742.0550459956416
721.3313205068932
752.1176461604002
751.1246237338848
687.2354993389426
833.0842999388624
535.1811566735089
849.9207970959746
946.3245971704557
617.8907485663917
613.2281798532366
502.1225927549442
537.5395008777738
646.0016642341129
667.8551931364989
978.8133963639475
601.5527354905123
596.2398510198499
882.2977159031839
559.5490339166569
700.5529780528482
769.4092125977286
655.4010785053915
787.1544162469877
552.1024934737292
670.6307554027521
572.1835321572424
747.4735571250774
680.8026644560368
857.5510472531233
752.7769059142524
765.3119976755473
974.5844353044038
538.040232721237
733.6313708854267
657.5005000975173
816.9459514949833
923.6328859179713
649.0601039586238
632.8117095167913
957.0808190785133
815.3783276625667
736.306076526962
807.6798078527645
950.2088502763895
967.6971474814642
553.4486568102794
538.2757749667051
739.9652536174311
507.9522778787462
677.1571164131312
657.1522168002001
600.9432898507941
699.248982842988
975.9172742990197
834.3935727581918
894.4629644037918
938.6906000133501
947.7999718871802
875.5325778578288
702.0720732978615
574.4860505638694
661.3725944486127
505.3621795928115
636.8025700172598
820.4445449590348
508.0160776755684
751.6670000623908
584.8320504323553
740.9425006730326
736.2217763680154
792.7580926363544
993.7936107146426
550.1363275739723
520.214958598235
714.5239275957955
621.2126490515213
759.7387812792394
714.8080471622703
660.3276478173477
511.06544320137806
888.0314311406333
878.3347612928003
560.3001392030391
814.9338161471967
738.6089643009875
629.8109503256513
909.7666455882104
921.9084229224143
912.0422518516574
793.3671126956882
640.9846442082161
864.3094872344873
981.7458519073293
631.1831555763383
673.5886621130635
954.2269421952132
913.3449428079902
766.3088153332269
671.3486026838564
738.4183811391936
821.2534906750542
595.440583629347
651.9967466493365
785.9014898169589
575.6429207874257
648.7260105692435
527.0703607523137
892.8009792890772
789.5440122308171
938.1987661843133
906.8740563592273
621.7095991943074
691.7607295895552
829.9561259342481
910.8761221280854
638.5028916118368
992.4695157480328
687.5192482203227
659.3454826121616
949.992840584254
877.392754666432
852.1018988419496
871.8392299773498
866.518224623248
553.3329523962404
818.8089175569503
611.9448260368957
844.2350217068837
660.4496758831732
560.3286328410156
547.1977688741226
735.6940151477403
789.6937803794945
917.0255593248212
663.7391082396919
618.7634615629127
945.1925816256196
996.586268615431
727.4318860386289
845.6747080801742
689.9730264065939
942.7782525037177
626.3504416936831
946.0593933501394
890.6499400879638
651.7070004293041
566.8655422894811
615.6494386329034
808.6738412918329
725.4776435762712
722.0027038213185
621.2883895262077
756.5184859384176
728.721322064217
654.7511884705217
606.755513764839
761.0725001958962
656.0736119940523
671.911381969003
686.4360241077344
694.6262217480271
833.5516346127972
964.9392665884009
802.0498689506237
562.3462078071029
799.7140085380813
572.0625463660455
671.6478889139319
565.4997421382667
803.5812917815853
578.8463234024714
916.7825914573007
594.7643300159582
838.731377991192
900.6602215872247
753.2124075780627
552.5508048159571
617.4619124691159
855.372337938234
958.9441089980919
770.9815186145004
623.6456735413044
574.3392769455378
532.7266136805542
519.3134404690544
509.59884590712215
597.3279309668288
650.6352572380788
948.957775969584
866.3205203089422
651.8665993687209
574.952072517976
546.6643559491154
532.3636170455912
789.0486026141905
809.6584279911158
740.9317551664154
907.9421755685851
981.1232121694491
716.3661731529616
749.6495115988839
533.0067763681416
571.4148328497129
587.297709440257
973.3961386897356
705.2324808005117
637.6275423595296
782.5298878832914
788.7706534899289
865.7877425413858
785.6814427034826
559.5580481909221
501.6978252840459
728.6657818203782
728.0984680377911
591.0118636137639
656.458052074911
726.1608802835923
776.2366133265386
669.4527785349544
606.8830185440339
534.1012383313824
650.4099019847713
608.1151626372673
853.7222313422325
687.2278725254105
732.2693698374324
983.8883390160278
562.7107079301882
524.6184822759801
963.4270309392077
721.0299171671625
956.5653909545213
767.4394616931148
806.942788679497
725.6039357681574
609.705614824015
678.2176779292902
665.9010804184506
791.7458513347062
560.2572617148182
891.8728697652563
809.5199194890215
533.6290127799527
707.9150763160985
654.6745180829828
679.5574356052033
532.3651748760908
814.2056900079031
576.2088675441773
914.3003308773394
921.9243183446697
788.877363755345
764.8276772075192
743.7766652600163
931.7001941002868
521.8784208432432
786.2662935423344
978.5515558215776
911.8151228641261
534.5178800129008
553.5231556520164
874.0724829179526
781.3071766462178
596.541357731424
812.0575934811479
966.200679566795
891.204905704823
574.8824678306245
968.5413541914722
866.878551013979
569.9722623632609
525.0354855929146
574.6838115398194
504.3201587346202
530.4211591567034
767.7847333287257
563.8013942208619
930.6832398335509
686.0116098383062
503.8927481736959
556.501797261068
534.2220224587647
821.2525258142025
583.0488643160818
643.5835335447588
757.8584092725687
563.9514501272655
952.1192236681552
759.5737825429471
950.7708814302423
717.8387057127012
944.893301987825
585.5197858854956
569.6903965449683
884.0548658463905
680.0145534480645
699.8596101382523
743.5754925280813
744.917817400142
682.4270163635883
881.394540258393
998.0265226141221
774.553700340416
901.4186718555203
790.0191807131068
553.859043201024
989.7207805975822
632.7853290405991
642.0136067792159
698.2706883810577
601.6898416915111
521.9618939358237
568.0919866171872
728.520734138972
846.5092720810906
501.3299898379676
731.5515081389203
574.812459638609
737.0123482238885
638.8243950454854
662.0854728215322
933.77161341531
664.5380718997686
916.9241475057725
505.900674487868
539.8054853602304
767.8273416017327
618.4830125308212
509.71202129823513
711.8730136801082
649.6119586281155
726.6529068322155
859.6116186253041
715.7423146799883
835.2238729549306
539.6257702140012
533.0847111245092
880.3024616690788
589.797136759182
613.5301177744032
901.3249303882474
555.9605683577744
993.6362195878095
893.089061432431
695.3971152576743
784.713478264759
518.6217253150724
913.8558788946868
992.5049970532236
958.6802472427064
650.2275186425844
728.8148896898886
711.2355256239621
994.8455101316099
781.6662529721477
814.9112825434679
759.8997374440548
587.8516898463257
742.483883354297
829.3064773023406
724.9547374834631
965.5309578605677
988.4224040431397
715.6558717802085
606.4757663853428
977.4968248206867
680.521806792711
791.350197235723
557.1015161596988
810.1904192533389
523.4313576847014
627.9018271140935
567.1420065793358
525.5802688688384
680.7931343765424
508.2941445395223
767.3711387724588
969.2219528108585
508.3746180754912
770.1025571604775
970.7793189146871
793.5845125377875
722.5275020881983
592.8381385998566
507.43948353624955
898.9425432366058
891.5473364335977
509.87168688247203
873.4881632162214
564.5972132668802
804.5321636123449
720.8242154636584
674.3056251988286
724.9016675943899
779.0796587910106
737.5793050513291
901.6587535629909
596.5231129809865
500.868140021755
793.4795369557457
931.4442027970009
884.9356101328578
911.0699812756131
777.1257234147427
828.9998559673331
794.688328245519
801.4334462242982
650.5021229660001
889.4392394734446
991.3865398990393
829.5486287264301
856.5289552979411
995.7173391615738
735.7239459337461
636.3651426600359
749.3596133696874
639.1851790950905
652.9709510462525
887.2168232425918
852.4502000627006
507.63988452716717
671.4829780665757
994.2350017146996
760.6832576076298
861.0416139492338
531.6175911026278
593.8557667462301
973.477670809953
576.2955884782443
916.4331363946754
647.6309716081981
980.4182726579947
619.1560732974057
644.3908589887077
905.0097562353697
809.7434797720068
