734.1665795683135
738.1888072739823
540.8290316147219
701.1122045069135
794.1760205485311
946.7970381278719
917.0788011720772
667.1901780626335
589.4415482203248
828.0239727551532
723.6643002867793
914.6714634221366
944.1973681896898
787.4990136723046
870.91731685586
893.8060942713691
794.6564846785091
759.4442991958952
612.095634667425
982.5074209398884
710.0642593593143
977.9606422552375
978.3021811973448
669.9633568808806
560.8357537201836
923.9957465403256
696.2126932715964
545.3639064357235
904.1476489159136
859.050708166
601.9262032782059
848.7525441231235
889.7321369535899
866.5453092069639
891.6345578471239
691.6034851495027
827.894179980749
808.1081529159092
603.3280708189924
513.5494952294921
783.9596753557234
506.19718898922906
731.9207241792233
797.0375990998152
708.2621034772583
669.8381377129493
810.5736777356037
742.7811160471861
525.9059685103215
764.7806807892512
695.1608945297587
638.9861077973853
653.5566591140052
823.7021350183476
588.3775428157743
790.7765289524427
664.8115971825237
728.2622528992022
690.1991774304844
936.1701301044076
611.6573119552445
571.4520341309534
865.3718800681912
568.672180651517
588.3533555665158
516.5966484428365
910.6675726398105
571.7852191414846
940.8005085444108
986.2816390174899
736.0891081269514
916.557456620852
546.4643494331092
903.6162847850129
504.40775354044354
955.7620931136404
965.1723117953554
545.2830964184959
544.2108639715502
535.8379160088051
599.9050113733148
904.0556784874657
913.2001174156488
814.7205462764879
663.7010859551933
846.3248725612663
527.5841388768015
544.9448955054438
535.4052453931575
568.3875876355145
992.4944950022953
710.805119247544
511.7135627046264
553.0189885350696
581.5018892339906
815.93113143832
602.752799040061
961.273609293697
546.6580714633765
669.3187936527975
564.5474983334868
637.1487376369232
967.5085539111656
565.039680874059
610.6613147766436
859.8642810732122
850.4180091846526
816.9313744620648
814.9770911744322
619.0881473443247
517.343875271832
667.3278830386776
949.2327282044132
668.6244710280567
838.1625552672447
649.821000689551
537.8776478147167
538.6455680562474
899.7334314960631
540.9674093829958
789.2527197502569
960.9175514716688
847.9693776832688
962.0441911323901
612.2047488237931
814.2723507223141
608.5558726773032
702.0149384640669
956.8314446754478
850.2466504236038
818.834821317151
642.1352845332593
616.9484396579358
622.4318437610946
771.1120139327302
613.4229301052535
671.3615547544479
562.3366453567093
997.293225680487
739.8979651993561
626.3999370206187
569.6742678850032
869.4154888126823
527.435087324094
633.8270403827244
521.6367742599941
748.1978147060008
726.1804905339661
711.0299872172211
885.9151265904179
650.521729641319
684.7466800511829
506.338709671156
524.8798386650234
736.2566568806847
937.9150213334088
677.7713036739688
572.9676482058488
935.4499989582844
627.5725356933824
935.9244822572588
880.2622420648407
773.0906310825051
616.4998017709675
561.6906637485241
964.490616390979
838.3127465524717
734.5610498603797
912.0490087517279
856.4862967042852
806.2572864589376
949.220293807949
766.6307277659757
728.584471267256
515.8587121274362
937.7742387113988
772.0192621516221
940.6265568762926
752.6764809670951
588.2699748499247
526.538474008123
870.2419658601418
629.8026952406689
867.7228386390518
678.2807955294311
727.4112872940251
851.8995133550206
932.7047032789058
519.955200483547
891.8620468847068
631.3789582337151
734.9162270927179
891.883225575829
986.4724132737769
826.4059053255671
904.2939356545688
984.240377113123
522.1344653277501
898.2769574505426
560.7652307526032
662.1887856385684
924.0396314656136
554.7542950723426
851.6779469134793
997.7560286342443
959.7581315507414
902.6152063801619
883.0332675130868
581.322108218227
984.7466340749186
732.3003963659224
613.4083667889322
783.4156039803502
851.757714707966
906.0866172747822
628.8469478927742
821.5320059000289
983.3693905335001
626.6634249808566
953.6707398371934
875.3800227713397
632.1470671466392
917.3764211113603
792.6498683427398
816.8042296241462
566.6170592614101
924.116169014884
975.1636874242861
781.9562473513109
668.7439458622275
769.5271668522614
504.0845912950912
515.402598336374
624.8195354798485
927.4911248630416
681.1789696884862
795.2487321178893
631.5446388843711
831.9629121629896
875.0345785774468
520.643510845082
816.4999071067386
695.5537925992417
759.3409363276212
848.1599247275304
708.1371377981551
577.7480489362382
796.6821279963318
685.4376296789931
698.4319948949369
878.1636385336508
774.5555633162521
789.6739469367437
905.4496991075869
899.5485288188405
705.048591770447
921.3301323264834
547.64019828131
874.239961135327
530.9514993616933
729.3227717643576
785.5694188331186
530.1725266752475
811.1643642251896
644.7665770254789
879.2924518647085
709.6945936516508
885.1775940789312
725.5020120250214
671.6822855907607
745.1286421879263
824.5415255341884
910.5811820395912
504.41882235384355
959.0587611089222
651.4555442829
674.309634945882
982.5150456439609
628.9397729964736
531.6158339523246
808.2114085594806
692.230380694836
938.7428499465807
905.9510327892865
525.1957299854017
791.0313771474763
862.2244741593195
524.8729968181491
574.8688454818991
946.895452138225
501.7444018826358
791.7575301517272
698.8557154675317
846.0888768472034
772.092842286579
510.4477214820986
549.7694799727057
867.6624119955886
951.3665844353941
833.0952440464928
797.0285163157932
760.610173362466
803.6640060592497
697.9044530469913
873.5677706236844
817.9113671332013
528.0794340596769
829.0069918378726
872.939000805665
832.9924648790491
986.6042994460906
768.514649018153
626.2753517391077
995.2620960091424
737.6737003589443
651.66902997536
978.5559452572676
540.5800254083396
650.7157725060415
561.5837221285802
570.6226524714954
576.821289973653
776.8555647449966
987.6799265800449
672.5558516380829
982.0002996601943
501.58057148463746
756.8460566417573
547.4927789214529
546.9528310965605
981.7039581723146
985.7195610867182
977.483249873784
830.5210757262107
783.8769053773028
645.2005297149385
876.2949851741784
985.8306956449471
633.6165684746331
710.364317392044
806.9414832097108
850.4780595568526
518.8267643836336
930.6957239350796
649.6022820430596
672.9983792578975
788.6128991125388
694.8170177353767
710.6851990352343
650.3223747212519
759.2677689156227
592.7527962879695
715.8135615223212
543.1854024170852
712.1868481940077
613.5745521709081
934.1976433683719
938.6673808278119
636.4703217146038
750.1384706771373
984.1048331871141
629.2016342830639
704.6717001991639
644.5683255479237
926.5235806327037
532.0619818307161
848.3967417816496
690.672089223939
646.4593805005006
918.8848922031677
911.1389738088982
587.135632121486
751.2926812169119
997.7810606638056
816.980524698293
553.3777467898068
779.9159401017866
734.3631064073438
750.8122128316471
579.5969621144379
864.0347095743407
530.1969845203919
723.3746358640096
827.4525006542698
602.59880523253
519.540430526523
908.0632147229434
717.3051161230686
828.7387245646368
974.3900000999455
605.8610356321669
720.7430559942303
557.4237868202046
687.8766890633792
546.1568153702926
511.11234017044745
624.1186628686086
583.4040604252257
859.0073623528806
697.1499291567353
748.4993062147644
989.132370810375
553.2222054161792
944.159396332139
971.5874104621416
660.1023587336929
884.5535821828364
763.9205288474577
886.3168647782529
699.9271313422126
573.191495588778
982.5852485802216
579.1837920866733
855.480964698954
936.1474737165804
984.8425882608706
818.7902867471857
625.354503899679
516.4576830146233
527.6329264576299
825.3450627688094
792.9313277986387
608.5246804038802
859.1466970661393
896.6836018363638
906.4937958588278
586.7362285580451
757.1244557924933
894.8957570483626
961.9054852290103
920.4135004434203
958.8591263341732
583.8100924324962
804.3001311168597
802.995634730474
845.1057448046338
633.375073669191
653.042675135715
854.2042139305973
519.5215957177611
939.7685440625152
663.9225607626587
550.0479800406094
500.6334112854941
914.1173112802985
624.0796876898802
606.001238490307
590.0246569689928
886.0908554477835
911.0482237754926
760.0608680287587
693.3958434721426
504.3950749918929
967.5557967057719
692.7622701430138
640.7463005223149
612.2379010081086
864.2044619835875
862.0614346226898
580.5280033141736
890.8828100881933
541.009827214062
644.7381764643533
718.8383309493194
931.4160770143556
976.5613334170264
513.4523063876205
903.2271328239349
601.0363898580586
910.7484098312739
873.8945814587148
523.0699513345766
564.9380910155269
504.3236015826176
714.7654231722197
903.1605894023387
833.03140886517
518.9476804133128
638.8155344769688
730.320911957082
681.6599300822231
628.5797179890926
514.405338104098
616.1504454759772
723.3793873508323
923.2408523098111
800.3788743327882
870.7294257811488
768.7227483986957
657.1359853650285
700.5774079657134
726.8535487030298
746.7663251399932
667.153028873226
552.562800881119
873.0110821158509
520.4409427275525
951.2308980179225
892.7894659072329
908.9173934782841
859.14713333551
943.3663612266278
741.1580233962967
946.8050427181213
706.212445439187
712.464164889241
959.1457122707903
625.7001648821283
615.7707979278168
829.74235323353
701.8498948805241
781.974410334886
834.4025071094115
810.3532656447921
836.3827272742142
939.9776608202458
998.0282585903441
581.8240158499016
579.5525265909307
993.1544795089358
987.9635329617468
707.5475144132116
798.5634951137539
918.0045105057937
924.9428956056051
925.4664272021964
721.2908659959901
643.9177040258957
515.5302277173129
769.8229127458944
816.4003350138325
643.9822159738312
721.0333966932394
755.7550353810346
712.1573718778125
758.2172498369354
968.8980882112935
591.7605678901133
521.9528657767262
842.1268749880177
860.5090451357873
707.4809056795959
837.4487297540841
546.5663286207359
615.9316526176743
884.1024111943389
549.0920034022586
749.5177915710619
633.4834352132485
996.7729116908924
727.7804669018943
677.637380497297
947.4257747313839
835.7550348422194
963.1686773400963
719.4237467591108
775.3354599260458
878.6548309769453
919.9663358902774
601.9283995005981
859.7978422522903
880.0783870408967
921.1058537464
862.7976094243598
516.7994371837289
691.3712964885337
636.7570214757145
936.2084824480006
663.0130526353435
791.4162349539554
569.6848913210608
581.5059465751413
635.5483469314111
710.3113951442194
799.0572104200857
718.92324668848
793.6152104326188
933.4141045120298
668.0349518668481
944.7962346787706
810.4910213566905
925.6786348354855
820.4575651531139
586.9859057553198
725.3909725334154
708.4743676237019
916.9809388628021
983.877143056332
741.7066814042855
724.9437079782113
560.9570747632365
545.8499709082499
716.3309977051766
969.7151807756243
879.8281878579241
915.8732282526028
899.5728642816215
684.0131230641557
629.364780364107
980.0335130158002
971.0371235891674
655.8303309398333
947.6001583614516
648.2782297285127
586.151831052802
743.5402380142875
871.9995062440626
686.4626103823616
744.6542011532963
988.6741624761019
520.845713147742
868.7422141865047
846.4240808563059
756.7430870985754
779.8218501801464
715.9508230498643
733.9498358015949
762.944949655633
731.896174243915
767.8750465399228
602.7934055049957
840.4841239706182
724.3473910568887
846.5503715791968
760.8011292974879
807.7169969534418
969.6301135922287
963.7711482149433
546.244005580443
793.2890963374688
758.4462823353748
625.8954572843943
532.1583041349318
530.413809727439
582.3595613626971
722.8093208483008
783.7237601972548
768.2749253506183
939.9649006846507
736.874763325934
979.8233903586475
725.0068367504789
534.8086370052378
760.6218901619735
791.3104705724097
952.6662259830741
863.6537436928706
719.1610338855437
802.0373287885463
658.8109300444152
988.1837355849248
732.7153947534534
523.5050728239926
845.7116207190741
904.648976584021
597.046286892354
517.1283374393728
512.0402010865151
817.0513148837381
797.7536935878352
597.2623421628396
602.560298943933
577.1934442210132
795.692429203208
542.5374880116686
868.530147772175
875.130799895988
960.4128556429334
640.4175518068834
923.1171710018762
938.2654081664322
604.6891549710805
784.1400534429865
598.4379948743564
540.6859163498233
521.2921710846858
841.7257965592325
906.5084203885003
598.029856437602
523.428474131328
552.6025581903602
535.2557986930963
983.8591764256324
646.2341284776912
898.5339108380081
585.793698484469
903.351214449325
742.1975699988366
567.805893608515
860.1119983843021
823.0410736013414
754.5299043139796
529.6146357632055
571.8121442531036
763.3620628019158
931.0668130712647
786.8586480462454
933.5876180642152
757.8972340620724
849.7789173926851
807.9086910883533
926.8683848409655
703.5877578461445
557.4650631285131
974.447087763632
586.2673446116563
598.8066691169269
782.8744752421328
529.4513300563848
702.0582652960452
970.5883047980619
543.8453089032107
569.881334989817
968.0678591817885
537.2991728032341
521.0817041974208
500.16889877274855
617.7774651137403
515.6461312104173
873.845146505956
865.7995217608973
941.5930909534491
628.7578151562185
651.2486207089262
688.4436512822451
589.3921328546716
586.620520337131
990.6765075201596
905.0092919853732
897.2094900676062
863.2803794280553
839.4346084186654
526.7226095743912
711.5081626430155
916.1196316966548
660.0940159115585
763.8194600877376
562.4172475816056
636.6863370012748
697.035541183085
904.8078960077778
862.0767741351079
721.2062547199506
576.9810620653924
864.0564610986194
923.226132627828
714.3074089050227
656.1604787742858
911.1168643385067
829.284800767284
826.1120876786847
601.7773537952073
902.2344881798465
628.9088031300221
944.7242471758622
602.0976155498254
636.1441821516684
854.006999527036
942.5735872955473
728.6975467673517
554.6538385116689
549.5158070922184
989.9003203839422
662.0321966317531
871.2653351966393
794.6749890117957
608.3307017974917
766.048373806058
654.8012297076757
861.0116872913288
668.0627395282442
863.5341520992238
863.880214291195
734.0627401403359
547.7806446213664
900.0257216400087
738.1508609332022
817.910258278959
939.1468750841939
566.5262253877381
519.9997150234054
878.9217515109699
868.8202166891649
524.4436684211978
922.2285505699435
523.1732038608503
849.2405848578878
549.6930503379795
786.0208889424244
925.9737816469215
726.9161513051289
895.5474895959793
871.9638650421683
804.9869955600699
561.0315637633792
704.3460202275417
906.633857127023
864.2842181366104
720.1157148987119
532.366654960042
826.8494473666749
555.976123447252
525.0080247494873
828.0893619632277
959.6373324597566
684.0008127355234
637.1412825355818
782.2960727841328
797.920221695229
504.2938585536321
819.2842522681195
985.5413837545003
944.1690809371071
998.6337698175764
754.567303765168
836.3148660419167
583.609608035734
840.1551454561702
749.1135663120843
563.3015484896204
632.5161486863494
571.0072135486755
906.60908308012
952.6630881936724
551.2994946150249
753.3907969481783
661.4205506352705
751.2513539495683
966.4330506596069
994.0450308177859
782.7632526364616
510.39643529114346
586.7005072409685
751.2433548482545
847.0452945590125
833.759086760947
607.2858589297145
717.5128451896462
728.0453944759186
737.0712416358363
515.9556210523648
775.0114684843034
897.1519752644097
934.506945277366
950.0046422634392
601.6946708215615
940.717862200674
804.4723089328036
857.318025562555
601.7078525904238
760.8537451361675
684.6961657588695
578.1396516087582
735.8772297567507
546.4322246814336
675.6882217457694
714.1198608229554
765.6054560484092
819.9534420173048
938.337836114519
988.2380669289839
637.5239357681309
574.7923934877431
725.2468573442158
707.3870806885413
784.6244419090956
510.1401899248056
937.8076233379072
504.1578337355309
930.8872364704744
500.21452574141983
629.2025792673196
731.2262036904647
870.9698643925644
885.1053359515668
531.6418357963959
773.1221966605788
977.1720777642408
685.8040995333655
907.1988247833485
991.6624751577178
600.4916075842045
796.0089489095186
855.8345132312924
628.526619592248
655.695273243201
576.2635827818407
973.828599305645
997.9843084834176
695.7737142213202
527.1963942529846
742.9849777903912
973.4796229010658
812.2794510774314
858.0365889785795
944.754503717849
600.8783457535853
505.37934867976065
802.9884719759298
502.3695019261154
532.0150169026649
507.604586088156
877.2397160632963
928.2475854398715
659.7795328331525
507.0771174383995
601.6175241974393
813.4280779932653
821.3152268973845
546.3452886023435
600.9070678425004
983.8635281384725
951.0191965182215
932.9188589879775
765.0558582468998
589.1582408672424
541.7082263539583
769.3343988996432
572.530455392868
801.4982407663674
852.7316060523231
655.9736603674377
738.6233815361004
622.6722259150948
729.7204807599246
569.5164118606679
962.338646361941
791.6691688383169
710.8967893509989
601.246730147066
677.3384668504117
660.0869588593312
687.4542987615242
787.7321272468818
893.6712442684698
790.113873585527
860.2078488625268
940.0856827122047
823.5310187714034
967.032209734962
718.6177404276114
617.6246856348469
616.3612948778033
685.3882251233147
598.3813343221319
991.672188371196
763.7696371268623
963.9725710676289
