0.15804109129969135
0.3804432661735503
0.14424112473962172
0.39611211917818157
0.2529310431279298
0.3931173828686284
0.11857618763379718
0.1894638106053934
0.3439788309125956
0.31473279330822407
0.43345421412800844
0.16794288502705645
0.23525162864006555
0.299158918345055
0.4348012012658651
0.4447887874422799
0.1835906122548289
0.34669341209003335
0.24898400199782011
0.3423930929225709
0.3992826473299249
0.10294911437916228
0.1610847373083776
0.3666548919241034
0.36436521268577726
0.294335845822176
0.4783362891645867
0.2593786460013138
0.1519530351498204
0.3351689717203013
0.2124294261349744
0.35409366787337115
0.16991078714145635
0.36570746662626086
0.10196545434782847
0.4588270521185793
0.4872068105224575
0.1800539319487288
0.11157544909404488
0.39555692672139053
0.325393855325968
0.39672330124772737
0.41654644616206205
0.4534233228170016
0.4061969286343934
0.3072221079664786
0.1832050222113133
0.4220036482672599
0.4216840336325892
0.41748492410811333
0.1799524377391725
0.41671390140627707
0.30693355975245795
0.15122316723893214
0.10497511276423364
0.30243012147405945
0.46942202830508784
0.4306524777183638
0.32906678495951414
0.4466306738004594
0.137900386512603
0.22823094417342016
0.45616167322773027
0.11001592732310317
0.1950303993220465
0.2684126281921978
0.1615043333635743
0.42329421965604197
0.18389131002302542
0.26012441574675593
0.48792007454290165
0.23815898670231794
0.21406802261794333
0.4494247057963545
0.3076587207739546
0.4351637794174512
0.2151182707177783
0.28383194453175886
0.16462255603830322
0.42136779163833116
0.1597703405101282
0.2574631363051877
0.2759684407425829
0.41102798255197925
0.4725414526091942
0.11657877872435321
0.26558349267471426
0.20341882665525463
0.2469567818273457
0.32851515022975286
0.3373555563267657
0.1878842872587062
0.34039736016044686
0.18901794191520127
0.2636819223671623
0.37801749821865094
0.23887764404677833
0.14897467496042213
0.26392984907638395
0.35950030637843555
0.20740641776960952
0.28753162937817345
0.16691481586383916
0.18718650224719213
0.22610136468524844
0.3470806163749339
0.3848657020950218
0.3209254177654689
0.49413837104693303
0.4821092627793486
0.41832084711351447
0.1880792800895865
0.44180601498064787
0.14682618640572953
0.25894899777231184
0.2570566347006398
0.4047073847246546
0.4972623172362578
0.2414926906636079
0.2074854431570175
0.36427224478438347
0.17169631616374276
0.305258154147136
0.1554775546221539
0.4630094400787004
0.14548216887983437
0.3522615810172628
0.48908897129753004
0.46396107337332826
0.3237666816503447
0.35246052988125354
0.13635861852473524
0.3998256973393678
0.3305731337151835
0.3103980045981155
0.3300030655852506
0.18299350148050353
0.1887120851362113
0.16727550656949464
0.15633575549732362
0.46651749634290696
0.35233089733131395
0.17383527299677332
0.20767476750993097
0.2582699668635493
0.19119395713925194
0.10574555716700602
0.2476171531566923
0.42673492034805893
0.37494774889529203
0.41976901337000594
0.13231132747962443
0.15943320593532628
0.2562194601340073
0.3578027034559097
0.37264516618705834
0.37900864406788126
0.14010346739066565
0.27195439455471115
0.2606797890573105
0.415713194638507
0.12411622836340253
0.474308121681854
0.2182445477980453
0.13222093427712017
0.14398920124230435
0.21224313977609077
0.24876541241439779
0.3309852643001972
0.2721736741750088
0.2000310078390428
0.33266996075282307
0.4176968549080191
0.13182541476336526
0.1858929681547566
0.4840537623529546
0.44371921939143466
0.19776557055628208
0.2082919013871649
0.33755824384268585
0.32916199707959715
0.3078056448349205
0.3751536054423039
0.11857908765282939
0.34756460688984375
0.45528554665875987
0.4902613340831765
0.4268407617418991
0.3803054976468657
0.25920350263610825
0.10085433999364657
0.2692969867314268
0.12746614393015518
0.36667550305802943
0.17748275504850863
0.27324934154675407
0.25490474626268483
0.38275652969855145
0.27908265359448237
0.4862995293036517
0.4754761540049519
0.1331147227702918
0.1880798214787059
0.405109472316877
0.4543464978934112
0.28499586287504275
0.49481337029714356
0.20749901879475643
0.49898191331014063
0.12367041798381205
0.2192111841251604
0.4283185208912069
0.12306775171686808
0.43455549890533207
0.29781852589872004
0.28186823567318586
0.1994049065922058
0.34897803666374616
0.2670080190226032
0.26888806182862435
0.3013813284766923
0.12235033054774509
0.1749013599042133
0.14177613682478507
0.35500192367297656
0.4863942828619847
0.3494962894098679
0.18433212375749922
0.39277919489304935
0.2405341737960933
0.16769551924741982
0.37340967995407337
0.24226259928780852
0.2112151935635569
0.23544304707572788
0.23055583698978088
0.19774192377436847
0.2011187461520373
0.47297023709027797
0.15113037683459668
0.40800428875584627
0.14772419826525438
0.3127938852778365
0.1534840160500961
0.2897007092583881
0.33402491360347886
0.372619435021313
0.13622242400008058
0.39609401269115174
0.3710625815581361
0.47982173186286603
0.29858858000756205
0.1972952694569534
0.39293169273994655
0.29469088756607503
0.45239469910384267
0.23908561200495676
0.34082791594532214
0.2709848254550427
0.27765756763377913
0.4175928859983157
0.1984017990173822
0.2775491770412707
0.2927556261499752
0.35334257387811807
0.35436566496585953
0.45234910306515397
0.42691419048868195
0.1749737459278956
0.15614129375972507
0.31550586626303545
0.1958998549109746
0.2653687027010907
0.26554262453434685
0.4765798726766175
0.4189612632029335
0.335015349395667
0.4705048707275681
0.4875558505778018
0.3795094642798892
0.2062157015677123
0.2980823229815444
0.3178793947853116
0.3901446616596721
0.41408028657032114
0.37560865655305
0.3376961200728588
0.21606881486780227
0.1342631229858302
0.38025518793225876
0.10267589576137692
0.2412828171526681
0.4548104005597121
0.1944888556782349
0.23212947924260297
0.43304010196360576
0.3883728167721585
0.19580247359236777
0.2514480190372246
0.27130126991184034
0.1341604233280782
0.14426518869201066
0.2834350990443422
0.18124066303858288
0.19862162752518678
0.14721332803333298
0.44057551776927617
0.14472049294996203
0.13570366877244344
0.4336571159156358
0.40016518781117283
0.3468021031942703
0.3834010304437909
0.37619926914887314
0.33551901847880505
0.421280164995231
0.16863035170536866
0.3202969776428082
0.17716779288778206
0.11406577157953271
0.19165220871698257
0.3638829604757359
0.14936181247885616
0.3395124549869869
0.1106158957267915
0.18709553699125228
0.44107417490171785
0.22942326296975907
0.12767775166773876
0.10760037424146628
0.13383117859780339
0.17397083416475762
0.3459787471410666
0.14951681674213765
0.4883277974402973
0.3525225966287744
0.3357957228220668
0.451459645205989
0.18256117770527505
0.4843581207528178
0.20939378444661583
0.4414824985310314
0.4380488593022992
0.11422727680410061
0.42880579650761763
0.24322796081847944
0.4498687143762057
0.40498367914738176
0.3300898735128617
0.3045294656889015
0.3740158223919523
0.38743647521355307
0.1586412508693083
0.26347697700723816
0.31270586548503504
0.48952712858396685
0.35798290114719833
0.4301260748071414
0.3577652872224196
0.30577995298864324
0.25673864411596614
0.44304246252021673
0.22955531544858815
0.3415081053420512
0.3155779187479029
0.2547072020125142
0.3288071231667491
0.1601401922047121
0.20673259384126763
0.43409042811281495
0.28169777049526123
0.42483861509071774
0.16111842339877916
0.15524776831285292
0.421084917321369
0.4458718513953691
0.2880800838038422
0.47901082987998034
0.189458137771779
0.21241654317254463
0.45871227176350116
0.2636215471523652
0.29792914812947624
0.15199067195344662
0.20737207027306936
0.3725508678317696
0.43895715837131555
0.3882272870604625
0.2308861963698579
0.3294529570330007
0.11119787584713255
0.3765557889269864
0.47162317335594917
0.10818678200040904
0.29913580728369715
0.27973267802676977
0.4430546897804215
0.2252850358585247
0.18184027054362703
0.37583457926449626
0.33449023908560804
0.1669189206689029
0.4157856087135725
0.12160916848226028
0.14428273067787353
0.4560245107869848
0.3774619006075568
0.17837349159773527
0.18945867207409683
0.48183305142915256
0.4170096429483494
0.15888343091363344
0.1233806869648066
0.375679532302129
0.23687776873636535
0.11212170599102454
0.11528385796626309
0.1123937153958333
0.33996414763517957
0.18480010972260646
0.446877778756019
0.32278269617019884
0.11999884133916111
0.3493255874145972
0.1495454847967934
0.25929111193674537
0.4665568877746328
0.19762588505154338
0.30104948490243505
0.4295504232348992
0.2348319941738859
0.1758282003021411
0.32438143085465876
0.21446311075227947
0.14397577175861934
0.41568361429973366
0.2840925702553213
0.476329336487717
0.4050782148133155
0.3002480906176799
0.3660368688738529
0.46821972942993884
0.3372368497132049
0.17461229016492558
0.3726248497536734
0.22136626890244307
0.22517034536853178
0.35232667545761454
0.293911206270443
0.27391415384637086
0.4522969432472176
0.36747939536524243
0.20724193604179925
0.41010511212051237
0.2961262791468968
0.25933423171186076
0.3862859767463661
0.15645503082591522
0.11151928116438854
0.25935351007421326
0.21481853011781282
0.1369671400262419
0.26926075629839563
0.2406018834323895
0.29071580605470215
0.48309762121777966
0.39151694911091084
0.13471899048888747
0.30795166411497277
0.39926536475939256
0.2514610957432144
0.17617628615875391
0.2414584295851331
0.1403824489772869
0.10406915714194467
0.23379626229833447
0.37106185865200747
0.34804223030877923
0.4764299109449236
0.13439586362106498
0.2331400102278238
0.17848885019543737
0.3982078942645757
0.446384853671732
0.4947845271601615
0.22483769670676335
0.364511195945477
0.37638702103552335
0.46651919652388807
0.12403215802190229
0.3058461189068165
0.17279873323228007
0.11287651349269168
0.23526999931724335
0.10608350582968665
0.1562857799125213
0.43327238573568005
0.4852031464805867
0.47861008263059657
0.16200952992164233
0.2781723921780317
0.24257693848266368
0.34525129608128835
0.3599073500156682
0.3270166831761994
0.352608771468204
0.4436048340625143
0.41368044848772223
0.16926177121184197
0.38604650904942206
0.4141367898997643
0.1435756939898436
0.29806032780514635
0.45361909823587865
0.1322372873850335
0.1142186419096678
0.21175970658515741
0.12471735424283406
0.49783069450480355
0.36809915399795146
0.40423118635570254
0.18179340419230294
0.11109304702152208
0.17950482086302932
0.2814872130124356
0.3868126427282049
0.1259777757860471
0.46448218705066735
0.22129821603662236
0.49952343419834466
0.15562521850487682
0.4710478672239483
0.3854522131034942
0.392106081611035
0.446602448636377
0.24710450106267767
0.28286881317873297
0.21202129598472
0.22723953381411477
0.3933066260454441
0.3633239026659517
0.4025275020896869
0.4528795566287087
0.17365177197609985
0.3693432797521111
0.4130814091159799
0.41276864615042197
0.16593520316769578
0.45693779105867205
0.3732320455366891
0.4525742032038188
0.19492819050306032
0.1140931970524656
0.13541542281492683
0.18352969858982773
0.2915290100907495
0.2620534738666208
0.20713508263713298
0.3105502318424699
0.424734550628484
0.10650778813418382
0.2959338784518982
0.4351567356947258
0.18159979171267968
0.34073881797370975
0.4235126047057648
0.3297850024620793
0.14165316028557504
0.3430562933449595
0.20597255544251777
0.17900547896635835
0.34055565083366657
0.34606031518692953
0.15843672387221713
0.44732976752768006
0.13232450329636808
0.4737109949568411
0.41225884049429007
0.28173999100409786
0.148420637706002
0.10553489433315187
0.45169339719776436
0.2545115430117113
0.31290679977096825
0.45342800733502886
0.3692496361669464
0.3890967294973551
0.32188881164809624
0.15121479581338848
0.36470530642743315
0.2663219973254277
0.1785956302878589
0.4552671001669597
0.40795744152993507
0.2997174246158923
0.15662205213132663
0.12523035873081084
0.4663004257639426
0.38753727560894946
0.35722545054024746
0.1724596346557671
0.2949790704811617
0.16769095700170644
0.23715551219597364
0.2548231886503061
0.1537603698743888
0.43349137700138807
0.3638770567774595
0.38448491935446105
0.10750411921656178
0.2926209763987554
0.3873709908546733
0.33770712096364897
0.21661534089870582
0.22438386069901137
0.31487322299569126
0.34358544316754713
0.48279189801597755
0.3456052615667596
0.267592138444534
0.3496392953395183
0.3918623029129442
0.4001085479915495
0.4127816187817289
0.3730694050379465
0.10054021945657401
0.11923466170814284
0.40262136706147056
0.1891288399548169
0.3705497530118229
0.2356442426132862
0.4885813626786205
0.4004982647672083
0.11371400191404094
0.30841694739050274
0.29984631047494076
0.4528340848578817
0.23373592334788748
0.4712172599736709
0.29402898771870195
0.15292638063681363
0.39647201682133293
0.24773839299570233
0.17182797333128014
0.3674808214386802
0.1765913772470049
0.3689359326167193
0.4108569778447605
0.437135647154244
0.22489480323199187
0.4649035790660464
0.2770519424577149
0.1021470693365008
0.4015415889128825
0.11200473946994736
0.16996288862743353
0.2335355375062477
0.313017242926295
0.12067911207884255
0.23207876737173017
0.16509206959295097
0.3207083460420198
0.49434710846761454
0.17285683540944957
0.2986699940952786
0.24946180288636488
0.4300811511519439
0.2577111383483994
0.4962650883303833
0.1148503605281872
0.19242571966854363
0.35689292894449276
0.2017941869922203
0.42731186029872825
0.3356894611289931
0.14047773133674024
0.22773734406555884
0.1266669226046344
0.2906236184066632
0.3627215839937773
0.4775437780106305
0.4000825049139166
0.14848932185997296
0.46943551395412575
0.38247426555992015
0.24227594971104308
0.42241120053229175
0.11062566461746681
0.2658958651920767
0.17179439050864342
0.45285573321078765
0.3307441766343651
0.465850884837394
0.4072912360437255
0.16919014298010274
0.22194353890554758
0.3420056056981525
0.20025219337701672
0.20121269810096193
0.308555256142239
0.11297979972229891
0.2658128800152537
0.4695685086093835
0.33291214321652174
0.47795741206905684
0.38022719779872394
0.4749266572128851
0.43819110678515905
0.215017338069856
0.20406921380792792
0.4140884978994892
0.23788078898772028
0.3385401156550387
0.23473699555843247
0.4867470276934235
0.3516607713426435
0.21178703675418406
0.386801087232545
0.49755772037296364
0.3652503241259024
0.33433441778941286
0.42150970068306803
0.20101229149298439
0.46061293360689926
0.2709799220227156
0.1992945644484888
0.38773509199171863
0.11180799902986212
0.2163865635039317
0.33783531278953605
0.2962794429364806
0.28843299803471034
0.17296691422753208
0.25730761894098
0.41468757013633917
0.4346534270553599
0.2569681076647845
0.16893742281143914
0.2792996105058755
0.45374878040757105
0.48885117577121906
0.15682447728410118
0.10192716599381213
0.44138231227938995
0.3367087153384454
0.3435367433327501
0.1290202698693917
0.21626399974965171
0.49387928362055356
0.4453078699619787
0.30533875679908157
0.21756069367747966
0.15969529385141398
0.1862877269100341
0.11316885441467246
0.10874012049926995
0.13157659886951403
0.37393233671866233
0.14500410411328032
0.3873402279555592
0.43011800736708816
0.20133349483555613
0.27542444690020984
0.17299088524845618
0.4504051454539527
0.20742057567740196
0.336864501835132
0.40250313821034844
0.3433942258858701
0.13615122929376536
0.4076956602746016
0.3870871256580196
0.43608714556143824
0.3684786619405792
0.2544744017389723
0.15826964177532812
0.11228854434469855
0.2518362205842469
0.3233824743967515
0.13662155146720614
0.24833425042591403
0.15094696733741736
0.3819862705169689
0.21596055636280848
0.3723528877386325
0.22779526056063354
0.13260114575929408
0.21131843449194998
0.4826787578982391
0.411309830016923
0.38643509198207504
0.32208927856092157
0.27300093445986273
0.47562240447818105
0.22662064078148259
0.44646687094736337
0.1204795488151787
0.4307673498654092
0.288392229494445
0.3079839220749015
0.24996970443981603
0.37932447790823254
0.40738064207723523
0.19451995205322037
0.12130304232706397
0.45749126494819115
0.2217398493644543
0.18902849928290238
0.404685685645758
0.15991947800833023
0.22746325876689474
0.3988713426280811
0.29900394684179404
0.1882134668872084
0.14582262050292893
0.4978826795374762
0.16049739063508894
0.4987034355401647
0.32604623698144164
0.14586170579457258
0.3495039798951618
0.1937898211614859
0.3527804048073502
0.10443732637527173
0.4028102182891291
0.3424185355246143
0.16055550761256582
0.34937086232850467
0.14845903931373275
0.16774794262109644
0.22050897334084626
0.10829130619805483
0.2788183024117099
0.25061171834612606
0.3770802234438747
0.1477154260380072
0.2073072901267121
0.42238506783952945
0.30500146293375163
0.4903149950451391
0.26298324850663773
0.44295372787848886
0.25335029495454214
0.13247678292026688
0.36604812794751573
0.38692698047561447
0.2332879728416608
0.33578436548127666
0.33452032850828406
0.24477026986279796
0.3542878834903025
0.2478365903014706
0.3309352767726913
0.2635705393036003
0.32033639623208776
0.1835406529598108
0.42536359912717847
0.12311699650364556
0.16662892424871267
0.4875119577715923
0.37413986094565466
0.3071902370413889
0.391010621374868
0.35951030221063196
0.14180167938799126
0.29827957164187613
0.16746221010059484
0.25233622311884607
0.3104476406832375
0.39347400068976635
0.4253763535248093
0.2600200205832235
0.19466025904364398
0.47704742743782635
0.4045180433198753
0.15020409173458177
0.23339515143903866
0.46735732705494826
0.1344977848769211
0.18806894638498314
0.3850106797352677
0.4842463253759953
0.3079366932296009
0.38134484400155555
0.47784201974189255
0.41602453048525834
0.348583240814763
0.10548016352851218
0.1615693876024099
0.1415067436470635
0.15645863067589658
0.22733956210947387
0.20950124739198725
0.2777735476972474
0.4719736846623276
0.3083579860357653
0.3146074591405478
0.12998993459988084
0.2770188397526404
0.10920669034181506
0.22612500611610167
0.4381845703815055
0.3969949286219159
0.20292714375787188
0.31577294104225495
0.23452832931921375
0.11073749389892634
0.2965524701979704
0.14319535183595838
0.3370863762140125
0.34052093156227825
0.13738809285741108
0.3622507908994824
0.4628859310772764
0.13378069369590506
0.45655302666171405
0.1746845227628575
0.4412999496764616
0.3560327872130712
0.39695747616970267
0.37586731026347875
0.4996636385135932
0.32681156414558227
0.15030190599255586
0.3486430628320256
0.20508602280469235
0.18436440763544112
0.34702602243172165
0.4929603937484325
0.2089801719222265
0.4569982531092567
0.23969015766554264
0.4912009030243226
0.26157319734147266
0.39062546789120167
0.3981366522644668
0.12713261578295232
0.14368763277214006
0.36509318595177287
0.235054945934547
0.2626684768048178
0.33611112439996915
0.40187503014313786
0.14266376022271934
0.4958192917190126
0.449878180849533
0.37645930243092185
0.2710944524006392
