5201.190097757888
5193.993323300241
5300.535676414341
5929.141910627237
5919.546397884393
5415.941626158728
5971.009823577633
5857.543313942325
5789.55400871394
5836.412430667229
5913.82987624692
5396.0648034397245
5387.313545347049
5353.610203260927
5430.734451857492
5097.450439855165
5391.259772290254
5100.074337316732
5091.1042490812515
5516.066583724981
5433.59742320302
5763.100136301613
5769.837222610871
5915.900764220507
5448.304976569365
5810.676883819642
5766.877928032753
5293.353559931714
5731.1380784591565
5730.31095180504
5330.143055577581
5473.399351702403
5558.837616379604
5642.3071151344275
5500.095368523031
5906.133542645676
5182.379390152019
5905.515333126125
5498.640247082784
5405.902653724956
5563.528377124408
5171.252655546299
5393.660653590778
5371.769553743261
5458.169095744863
5839.416408760906
5907.967458043789
5752.159406174899
5599.046454674295
5236.796372233942
5557.473469802471
5936.705387533571
5602.686434410064
5666.0431052044305
5873.232459799123
5000.853659553227
5790.636893198984
5180.97642593513
5083.910708669945
5051.503355775248
5810.010546341644
5879.740785370145
5128.387727107245
5095.651848542355
5678.177323009223
5062.2057342239905
5968.2081040952835
5252.928761353548
5518.560689394887
5704.9136336992915
5569.650972295517
5588.9748021655205
5871.537988750466
5459.045051921237
5836.378425428812
5100.5110624144
5753.3625602526445
5124.748269195245
5182.442749099925
5384.038969038485
5809.4703485485425
5837.268049562064
5390.234776112051
5717.909491395663
5908.015339581044
5570.464844000939
5289.999048634685
5625.070038112936
5977.082441343371
5851.47585435532
5222.686174010393
5981.311270323755
5408.357798881488
5328.743409657364
5514.165177662691
5079.0741752533795
5474.6872683317515
5619.25686467124
5739.0157601839655
5314.381122974358
5251.11800348625
5526.891138656469
5013.961124125781
5682.742495095524
5302.489641614563
5053.257226719811
5306.4852771649275
5722.24946051074
5111.4840937394665
5216.11634568211
5237.550824482708
5355.781611563501
5752.126628178376
5714.873420979979
5425.0638711591655
5958.088917623874
5326.937778550969
5547.9165931984035
5694.153708057596
5639.80916978843
5180.670548194548
5931.22169079332
5984.136165172654
5208.696115222155
5520.812461326276
5395.4832440349455
5646.840117433636
5456.122496766489
5923.531442505693
5136.792779238143
5729.634064174944
5708.302886710123
5021.456227050098
5646.725704187429
5745.050411249137
5752.292940422693
5901.695293415792
5144.417400875459
5871.770819017924
5228.015077164813
5208.12485808663
5191.846718580893
5411.678066553574
5139.744495069603
5950.957927048176
5106.399655902852
5639.061342241891
5571.567719630487
5704.566992924576
5301.733711145713
5107.155711780852
5557.387348139433
5577.344932682936
5112.887386377437
5242.254396844838
5868.333639735093
5829.975632879624
5693.5650396072415
5605.326932480132
5972.713486821326
5248.39901781144
5936.7988017728385
5858.2583889690695
5824.467263948282
5855.956546609907
5975.650758223421
5906.446706765602
5752.358040960944
5162.468854654541
5381.958399264772
5108.694252738967
5405.895053368354
5021.461219422337
5816.354530576696
5330.483390009127
5359.227289899414
5055.991850045138
5503.386763390838
5542.936217993605
5343.709513064708
5437.220887518177
5269.208964952358
5201.792292556532
5681.199482423731
5421.586704021103
5000.625024890527
5014.862651669612
5769.432631538308
5496.138282749161
5137.5037529706615
5056.912745400626
5241.555645683239
5168.8596289305715
5994.830817104881
5455.04569547165
5052.375047427177
5201.68261969802
5883.6694535341585
5841.406294565659
5580.552707979368
5459.715526691974
5804.66773374554
5854.166261201947
5441.260769608132
5402.766386728368
5462.865047991187
5866.541805747629
5477.152527454418
5974.207066186766
5467.156696766817
5323.464084458662
5822.551787806801
5469.675064658753
5437.28309373719
5083.560487909439
5089.712980335511
5583.026565119284
5091.898784620495
5501.751389507354
5965.662349662321
5386.033595910844
5755.3576309324635
5633.07985232825
5285.791890031612
5054.185149684943
5605.805274607866
5589.325157067998
5032.014134549042
5551.760105645431
5110.112448150158
5390.393413475628
5461.57403376932
5686.060097193205
5170.83045695696
5184.783352743332
5310.018355060139
5991.013583063815
5791.773808979148
5699.179677553631
5171.646377108074
5162.002128288742
5814.849832806392
5881.6844336842205
5041.048965593269
5173.5782273140485
5764.21077872875
5846.95906553864
5688.870936114346
5457.158000988607
5153.075350820295
5876.366450743218
5645.66402390377
5658.5043909107635
5295.669766514539
5544.720746036748
5242.892071793105
5602.405998945424
5889.944429133122
5692.84276401871
5912.816898301152
5189.528368914831
5826.169515623271
5875.8408740787345
5905.642380358794
5123.376546978163
5580.369914695661
5370.387975921938
5308.5020311056805
5899.706498555062
5628.515947196386
5092.356922145218
5139.114625258793
5107.539221606483
5288.4918115332175
5071.99278405262
5589.10680164634
5269.287134804832
5084.302296877873
5040.1691689379895
5844.671859884586
5057.181207984036
5890.278786260071
5741.894264273117
5239.002417320273
5251.281734778104
5736.661754200711
5894.67029599364
5895.521989674147
5046.29598624627
5956.304424003989
5907.308218009062
5628.1153654509435
5165.8186242577685
5418.342190531921
5722.370954519418
5369.807511846237
5484.184063215382
5072.235597682924
5998.153329041118
5872.8809180747
5346.846119226213
5966.356483148217
5936.161270012486
5299.97305105957
5235.57119498522
5837.6045722371055
5220.351853550568
5976.848433882238
5084.284151245611
5565.42159288362
5701.944651479988
5283.843926735234
5448.568141656064
5161.414984582531
5853.016243147207
5309.5669806134765
5845.4254776194175
5256.072694355235
5607.768423750039
5266.460466786139
5285.017600208895
5644.413180726331
5365.789209896362
5607.175469832257
5124.331136680926
5365.378510465556
5230.922739260017
5955.830216493732
5569.277798853435
5567.020295214494
5980.408690913385
5693.553106007914
5073.493171310256
5742.155781873833
5405.7688754120145
5280.8233712707915
5184.4901014090965
5360.151077096696
5062.265718692692
5095.462936047759
5804.732284681841
5263.5467733105415
5450.407845098755
5589.554531564196
5612.837770632535
5151.38316348186
5921.082404629647
5753.562016414845
5513.85504551961
5059.940152293919
5749.079852483081
5271.170716690679
5506.696374653357
5051.96305094401
5715.569381231494
5192.959731761087
5335.607377572717
5924.387003207171
5806.348621178918
5070.439605918679
5723.8247671390645
5863.075431772881
5120.467539310705
5049.490661408877
5940.52545484075
5321.022615027744
5394.432659504673
5451.450893111624
5112.5874846183
5802.520376871919
5039.576868181436
5894.242481439714
5097.546517404564
5471.7077434706625
5975.249336516382
5249.735225018646
5711.626276646647
5689.200952039673
5909.149830550356
5435.834562030922
5644.694287289147
5882.612335818039
5173.611462775413
5302.213431878785
5405.197748550794
5893.813032097254
5786.022564064429
5016.453827635463
5834.110314480072
5371.387093248783
5901.813909929997
5019.000584494489
5435.293342592859
5533.801915828726
5896.313199983668
5365.5438388923
5963.52678558671
5428.682863890484
5385.128286082757
5102.492400469916
5240.907282749846
5022.9347851262055
5495.680715214933
5788.971865963911
5164.214364579993
5473.297286046412
5314.043560568244
5494.362892873147
5700.311513626869
5851.427635691919
5299.200054489031
5339.934933155625
5522.46881140247
5235.902265101712
5501.479114620932
5961.75919239734
5761.4550153366745
5824.99308442984
5109.242467354806
5978.121260696583
5245.259454404727
5303.81367797107
5211.35778955547
5967.229973275024
5238.64518157979
5600.547213334872
5509.446135049453
5678.859869160904
5611.346379854172
5588.773611081193
5519.357043220811
5290.264000824067
5006.171155000767
5786.135564891953
5191.23896810536
5263.671365206855
5308.395158462619
5551.618509325251
5193.300219164443
5968.6619716153255
5623.512584699776
5103.930139732209
5361.80439161704
5257.032875340175
5891.929980917339
5755.721345850146
5411.697701627918
5132.359876232515
5183.178159189759
5853.759801807073
5117.897168676599
5803.301491497066
5833.176467800164
5772.317353817603
5129.335091826446
5087.569065047733
5741.952809514626
5388.469683735943
5034.86667711253
5634.11820071404
5299.613294824521
5204.352350551153
5717.478243131898
5488.954509993483
5137.916897829573
5328.803990030369
5911.0892476583795
5576.638808791638
5217.95546916476
5840.436493095192
5605.225879250781
5413.571932390304
5276.42211214796
5206.9816207460535
5106.224429880991
5206.440588770296
5873.526409680458
5523.6101554723955
5763.899087958316
5233.370108966298
5239.186277008747
5235.452937740668
5790.7402740819525
5350.388155789262
5585.186908341116
5946.761744381031
5224.421112763876
5019.980700694538
5599.559673150395
5404.565682404089
5839.431582260432
5386.216435610153
5535.235019529512
5686.819391516625
5622.034473791892
5422.1923453822055
5206.705927548042
5007.926327417781
5392.16923279836
5626.736813182875
5372.144634483657
5940.698956141684
5023.688777358567
5659.677806562906
5282.736580823517
5648.382794631512
5086.019366145891
5972.058589866797
5384.674340601875
5621.44432030224
5921.834817226023
5299.197598843392
5068.896228484946
5196.303466004445
5397.055568837795
5138.395759642836
5072.094260142219
5572.744829451821
5982.585232242125
5430.318318349376
5973.990091927115
5626.08005796843
5454.751178382016
5216.95758613451
5860.7126714119495
5387.857209608836
5859.488892357358
5773.652831759263
5934.055711456007
5691.72208296212
5411.166865777604
5696.531480246822
5911.151210707974
5844.822044586197
5441.205869571335
5453.682436727538
5699.53972709742
5985.1535698980615
5759.810869556185
5844.764400346295
5887.10253049642
5590.588578099449
5728.982004068104
5359.493710263644
5726.727994209109
5714.928870713118
5027.58292810703
5110.878181953226
5559.016100932011
5426.339802073245
5030.28700384952
5121.85334809624
5585.65830154562
5018.9173767141765
5233.118231004828
5997.496238075486
5832.247412773544
5846.017476698561
5381.247986719097
5214.969044539593
5618.781095415693
5907.657542913617
5857.036378617461
5104.565076758698
5764.031717237822
5787.447069423587
5255.289366955546
5186.082564922484
5537.397161785487
5669.66777430832
5690.085286504908
5768.437931718908
5952.404066944172
5999.378374363662
5689.011309299508
5212.063080096324
5971.788327408075
5816.238092165244
5731.958620394125
5949.508747171361
5826.5829323232965
5331.538270359318
5805.242314834656
5539.856452057443
5445.108045556996
5396.676352293603
5272.2349408745695
5959.534263933992
5572.076736008065
5384.192058416686
5717.18139919703
5336.806687448581
5564.150192587621
5321.313834649039
5653.1135710103
5224.355699122158
5480.187961200845
5798.502285520009
5812.269350054161
5426.540991805787
5815.710153093629
5771.7275429725805
5361.681484561772
5875.951949984021
5363.732321933572
5673.902450045831
5278.519882306255
5855.075070917806
5486.097686642731
5315.720493614184
5163.383818627167
5895.224659503052
5382.210100122877
5509.7938495312765
5799.963349827542
5491.234227761072
5844.002962151655
5974.215233521792
5913.426548552351
5571.396455426449
5086.643108157383
5248.306525370084
5280.119427349014
5397.563404920685
5128.299628885287
5380.678871431487
5098.464223903476
5621.526434123054
5810.248760647161
5220.949091199981
5014.471945001139
5765.9003948536265
5085.4432396100865
5687.258938179229
5241.50781021401
5420.925554650471
5281.000569963568
5102.235543937779
5825.663070485242
5375.954939386274
5415.70228306708
5105.216671205725
5148.06799291093
5064.7744715597655
5440.562350867545
5797.849022846715
5988.792103477651
5966.079949450666
5116.646205601403
5729.698172119286
5505.233010615152
5872.669580710763
5630.094668430282
5409.385243131268
5796.792857842263
5273.069774759055
5273.503603155232
5794.068404527048
5629.46012197305
5221.0058442169975
5260.576328233247
5130.043100812768
5674.450042671591
5284.353161660144
5852.037164125615
5867.903802198043
5107.249434228474
5170.915495013872
5529.046091365058
5287.915939193677
5797.932272348388
5304.498468310894
5668.39716561918
5784.943045688173
5964.281224759321
5892.995660698825
5040.240211153529
5887.482938627672
5111.666837932458
5434.746639915785
5637.050563208277
5882.103748287172
5745.36037985196
5558.244852735603
5391.570410131484
5530.265908465975
5674.783806604195
5168.00156795638
5332.133752001843
5807.947294541739
5114.022048472281
5883.123348624569
5636.904440617439
5763.964212791745
5543.682308001595
5142.418861366674
5445.892359365513
5911.66043847936
5680.976066331307
5301.7065497862595
5023.9424186415945
5970.173474743269
5759.595467062189
5249.903087418543
5820.166230144235
5438.284723398867
5273.543892720939
5045.930968327049
5598.9625297087105
5589.999996276381
5651.845005703234
5592.183994360426
5696.878072020953
5878.578640272801
5155.948136491592
5110.288780234745
5879.093602386009
5059.742626994212
5704.123496655497
5917.683770918329
5102.86371507362
5643.609406194737
5394.610855925099
5353.018199138357
5688.178032301356
5488.944059119187
5480.327774723388
5894.720586853016
5950.810411678316
5395.37554743863
5170.357850594607
5660.119607201392
5509.740344547651
5521.485701417157
5713.210266005233
5536.732186312103
5751.715842918736
5781.528785660887
5975.075459405997
5502.38797863566
5836.916410333543
5374.154775143569
5707.252495155962
5833.523376206732
5252.467829242297
5148.86936926316
5943.53419830288
5049.849091083206
5975.949532987692
5408.107308893323
5464.1132636599
5263.947010732758
5399.053624686267
5686.636892114015
5607.555134080969
5134.636778572754
5481.088315212494
5784.677458219869
5959.758788080175
5396.938584787689
5878.725956487005
5606.9471516495305
5393.429315721385
5792.911718283572
5622.35300451197
5493.43212952012
5064.669053669226
5154.343401013958
5311.937791935783
5088.8315058176695
5418.28289563444
5567.360953893788
5542.595413224672
5851.758878978005
5755.890720970528
5578.8796943854195
5143.461802448073
5119.924083773312
5042.0004228870785
5710.864581869426
5311.379849368869
5869.383097373362
5736.1445117937965
5962.934310633501
5731.980991376166
5449.919304844218
5161.08425770069
5852.310344914107
5780.431053362127
5118.12622198122
5795.761206265748
5380.93557635926
5665.672015254348
5477.624746848487
5843.254626712783
5926.0758199632155
5698.122078544904
5511.3705079019155
5725.303010846182
5502.751449699039
5493.090789369857
5776.047366130477
5230.7551785367605
5420.974266815133
5842.348369876638
5480.6057233561505
5460.7581483167
5185.771601076568
5755.497699021182
5216.243295336558
5943.861526727898
5101.495781991996
5398.825453438459
5453.760151033805
5741.0389810846145
5354.534175833103
5169.09583508049
5041.837932702913
5966.996763366966
5342.1471413076815
5162.42221363899
5279.563160897204
5498.50000992905
5334.133971863996
5044.4134033170485
5388.512003965698
5288.494928703268
5800.227632719351
5477.627199218215
5848.652619997953
5348.659921347719
5260.403864210109
5153.184940770363
5823.560319773148
5823.001723851051
5123.493756991927
5130.013125237282
5467.579310435798
5113.725405009812
5809.721439231183
5856.959241742193
5216.884334437541
5643.0893727698785
5156.129398276459
5457.059453565336
5056.603931834392
5661.512961771685
5454.765546519668
5891.444284756223
5540.250902193377
5868.331859330601
5115.29053771433
5016.518652665757
5303.028516947121
5459.40867424345
5360.803157109196
5871.381654875771
5753.415498400896
5395.226801948362
5219.874580562093
5955.371416374571
5379.91114457906
5454.26033833786
5098.833049314867
5332.75316516738
5381.583815487877
5793.9371796889445
5721.041980389097
5214.141394881976
5985.729349821796
5151.034301714251
5104.745783319632
5714.4449606175185
5465.444537410535
5892.9433463615715
5432.386136609554
5083.296972071965
5208.096249855319
5982.826959129594
5769.446345219326
5423.29379156601
5935.049455806051
5332.935990242502
5416.217727375291
5868.175464485728
5039.434211250827
5298.672613906221
5427.959460590406
5883.578193425415
5619.277206043349
5035.206909601263
5254.632184773073
5410.73183780918
5563.291293876389
5155.540501872721
5395.47189146305
5093.6742513915915
5575.241424546136
5374.837859019956
5220.9350273152395
5736.052580321028
5451.358737535894
5845.571623179592
5847.672192853072
5209.648082737237
5902.948610798867
5091.173741981122
5898.645751430496
5264.767969327911
5905.374924194781
5301.618479231361
5106.165460677446
5405.053711440232
5074.412815913785
5474.314001510645
5595.33703455701
5532.797743038466
5680.280062958732
5690.65383337491
5512.701370382175
5345.3420878102015
5784.070116826362
5212.492309358002
5617.970061404252
5183.08961889655
5877.127102116475
5206.680445574572
5959.92091930334
5155.755032901343
5507.074118700194
5506.036185078182
5684.816320529051
5756.011363451977
5831.365351491134
5669.686176389058
5921.64431040167
5038.629209195823
5299.578301787394
5073.250364086966
5017.393825061679
5339.4305762160575
5501.860900614933
5294.752775257701
5640.560637353923
5620.380330715089
5348.09582971847
5964.167978188389
5362.73618145747
